<?xml version="1.0"?>
<opencv_storage>
<mean type_id="opencv-matrix">
  <rows>103</rows>
  <cols>1</cols>
  <dt>d</dt>
  <data>
    8.6700355796553993e+01 3.3017326551373287e+01 8.2696946588936953e+01
    4.0472030540861603e+01 1.5187175984692226e+02 4.2512517374919561e+01
    6.2850000000000001e+01 9.5983034721510874e-02 6.0650000000000006e+01
    3.9627613675627740e-02 1.7280000000000001e+02 5.7436137243102883e-02
    8.3136237716674813e+01 5.2047131985425956e+00 6.8373335838317875e+00
    4.7732666477560999e+00 3.4793265759944916e+00 3.3761447221040726e+00
    7.9235354232788097e+01 6.7387114644050605e+00 1.0435049343109132e+01
    5.2287348866462713e+00 3.6020280241966249e+00 5.7857832789421089e+00
    4.8939809120222838e-01 3.8647402980556683e-01 6.0661743479486019e-01
    6.9604140613239258e-04 3.2602089825223196e-02 2.4154492488821361e-02
    6.0258149834751390e-02 5.2523328101438921e-02 6.1080568973339383e-06
    3.5026988470496422e-02 2.3847712705612662e-02 5.4403615845443558e-02
    5.6062016716525345e-02 1.5007443645243566e-05 4.0478584616595703e-02
    2.4314636809748293e-02 5.3650820034663475e-02 6.1478270840296313e-02
    6.5842630522516510e-06 4.1959892572812310e-02 2.4297547432486664e-02
    5.3129478783939511e-02 6.6567151725437382e-02 9.7486422450787596e-06
    3.5650582761898551e-02 2.7393826583311433e-02 5.1374552008775089e-02
    5.0830743615288547e-02 1.5622691877023396e-05 3.8440782861644721e-02
    2.5124760798560894e-02 5.1667178684037245e-02 5.0415170502008270e-02
    1.3071742498819458e-05 4.1414451080061976e-02 2.6165793422678881e-02
    5.7783785932742929e-02 6.1591111280070991e-02 2.8077268643306383e-06
    4.3943170313831707e-02 2.3731355169078806e-02 6.3065767006837095e-02
    5.8108134145806491e-02 1.2208959224651361e-05 3.6357430601494940e-02
    2.7433625424435538e-02 4.7722464445933012e-02 5.7864938824880890e-02
    3.1839021905247071e-06 3.7945991867455897e-02 2.0286518535465554e-02
    4.1605492212138349e-02 3.9367408852794217e-02 1.4743289589170405e-05
    4.5060473385505978e-02 2.3070463512790435e-02 5.9227704175231571e-02
    5.2066338850484707e-02 6.3877639315519620e-06 4.0502065065572336e-02
    2.0467226543915692e-02 5.9297250130072476e-02 4.6230183754157890e-02
    8.8026031422257842e-06 3.6351781820609802e-02 2.4298441754622813e-02
    5.2857141124562051e-02 6.0650968966133548e-02 1.1959587754366768e-05
    3.2802475862458595e-02 1.9683190393522652e-02 4.5140301209871780e-02
    3.7403439427987614e-02 9.5147304391611765e-06 4.1018928437957000e-02
    1.9840887126483381e-02 5.2304253990239261e-02 4.7872238072337668e-02
    6.4667790888126612e-06</data></mean>
</opencv_storage>
