<?xml version="1.0"?>
<opencv_storage>
<bag_of_words type_id="opencv-matrix">
  <rows>5</rows>
  <cols>128</cols>
  <dt>f</dt>
  <data>
    8.50188446e+00 6.06300449e+00 1.75498104e+00 1.24124932e+00
    2.01400089e+00 2.58050609e+00 5.26817417e+00 7.87829781e+00
    2.21103916e+01 7.02423239e+00 1.41680121e+00 1.25794291e+00
    2.41249323e+00 6.99299908e+00 2.15250397e+01 3.51378555e+01
    1.37242861e+01 3.65697336e+00 1.68982220e+00 2.51696277e+00
    4.09316063e+00 1.70700054e+01 4.11965523e+01 4.51060829e+01
    7.68336010e+00 2.66289711e+00 2.12924051e+00 2.40280008e+00
    4.15508842e+00 1.43839521e+01 3.12547112e+01 2.96246624e+01
    2.71001606e+01 7.92945576e+00 2.66128159e+00 2.00700045e+00
    2.49111462e+00 2.69951510e+00 3.93807197e+00 1.50953140e+01
    1.25084541e+02 1.37253628e+01 2.94561100e+00 2.11793208e+00
    5.30640793e+00 1.69445343e+01 5.51486244e+01 1.22618195e+02
    3.49089928e+01 5.58319855e+00 2.47819042e+00 7.14701080e+00
    3.18282166e+01 7.29100647e+01 1.02048462e+02 8.13543320e+01
    5.57404375e+00 2.80021524e+00 2.96338177e+00 4.73451805e+00
    1.73419495e+01 3.77124367e+01 5.65767326e+01 3.13586407e+01
    3.89709206e+01 1.02455568e+01 3.47280550e+00 1.79644585e+00
    1.75228858e+00 2.06085062e+00 2.91168547e+00 1.01814747e+01
    1.40256866e+02 6.30883102e+01 1.15051155e+01 9.48088264e+00
    8.04577255e+00 6.15239620e+00 9.04361820e+00 4.72724800e+01
    9.01098480e+01 3.16575108e+01 1.95745811e+01 2.97140541e+01
    4.36009674e+01 4.44453392e+01 3.64437256e+01 3.04189529e+01
    5.56004286e+00 6.39418364e+00 8.49919224e+00 1.61453953e+01
    2.87684422e+01 3.50070000e+01 3.40312309e+01 1.09343023e+01
    2.34744205e+01 8.51373100e+00 2.86375856e+00 9.48842168e-01
    6.84437215e-01 1.51642430e+00 4.93322563e+00 1.62450180e+01
    1.03439415e+02 5.11136208e+01 1.23010225e+01 6.34141064e+00
    4.61712408e+00 2.58642960e+00 5.58642960e+00 3.67512093e+01
    6.47641296e+01 4.00888519e+01 2.51405487e+01 2.20764656e+01
    2.08842201e+01 1.47226706e+01 7.19116831e+00 1.61141624e+01
    4.37802887e+00 9.34033298e+00 1.55115767e+01 1.73182545e+01
    1.84167995e+01 1.62326317e+01 8.97038174e+00 5.17339754e+00
    1.44436493e+01 4.25726700e+00 8.89787018e-01 3.15560371e-01
    4.62925524e-01 3.36701363e-01 7.03404307e-01 2.87408662e+00
    1.43201294e+02 2.11033726e+01 4.18778151e-01 6.21793866e-02
    1.03995018e-01 9.87097770e-02 6.15731359e-01 4.52182465e+01
    1.49736191e+02 1.61685047e+01 1.00715053e+00 3.42763871e-01
    2.58199900e-01 9.86631393e-01 4.24218845e+00 6.28359985e+01
    1.65757809e+01 3.76294088e+00 2.60018635e+00 1.28136170e+00
    2.51500058e+00 4.74211073e+00 7.19835186e+00 1.31644640e+01
    2.55989418e+01 2.43261290e+00 5.72827578e-01 3.43852013e-01
    4.26861465e-01 3.37789506e-01 6.09513402e-01 5.19835186e+00
    1.64242645e+02 1.75279026e+01 1.64309025e-01 7.97450617e-02
    1.09746613e-01 7.88123682e-02 3.22866470e-01 5.56463509e+01
    1.61341202e+02 2.51287098e+01 9.41084981e-01 5.29612899e-01
    3.74009013e-01 5.33343673e-01 1.54469132e+00 4.00520744e+01
    1.91644630e+01 4.83164930e+00 2.71086574e+00 1.80553389e+00
    2.77630949e+00 2.82854033e+00 3.05969214e+00 5.06808615e+00
    2.57180157e+01 5.28711319e+00 6.55059814e-01 2.71568477e-01
    2.86957860e-01 2.79185444e-01 5.48888505e-01 2.43230200e+00
    1.64233170e+02 5.52086105e+01 3.23954582e-01 7.64806420e-02
    6.69982880e-02 4.78781275e-02 2.22446755e-01 1.76752682e+01
    1.61088913e+02 3.96135521e+01 1.79807234e+00 7.01694369e-01
    3.69190097e-01 3.79294246e-01 7.45686293e-01 2.50631104e+01
    1.92711010e+01 4.95491982e+00 3.30856514e+00 2.91823387e+00
    2.75205970e+00 1.65195084e+00 1.94823563e+00 4.39126348e+00
    1.44954138e+01 3.23659253e+00 6.82574213e-01 2.01772109e-01
    2.14829773e-01 2.66127765e-01 7.53303230e-01 3.53039002e+00
    1.44220261e+02 4.65774879e+01 7.65894592e-01 7.10399449e-02
    2.82916203e-02 4.66345400e-02 3.81936878e-01 1.94731846e+01
    1.49636703e+02 6.37058907e+01 4.66252136e+00 9.23985660e-01
    2.40012422e-01 3.23799133e-01 6.53194427e-01 1.47672930e+01
    1.62305298e+01 1.31425457e+01 7.61075687e+00 4.21436310e+00
    2.26643848e+00 1.40789676e+00 1.56427789e+00 2.56707597e+00
    3.52217865e+01 7.22571182e+01 2.30343475e+01 1.47791958e+00
    4.01373893e-01 5.64278722e-01 2.43473983e+00 8.51226711e+00
    7.19528961e+01 1.10148186e+02 2.30304222e+01 1.27772331e+00
    1.13444555e+00 3.66045141e+00 7.83807659e+00 1.42787046e+01
    3.58645744e+01 5.14347382e+01 7.29636908e+00 1.79391563e+00
    6.51521111e+00 1.35583906e+01 1.35574093e+01 1.17978411e+01
    3.39450431e+00 4.56722260e+00 2.65848875e+00 3.00883222e+00
    1.62512264e+01 2.12855740e+01 1.02345438e+01 6.41020632e+00
    1.92777233e+01 4.73581963e+01 2.43434734e+01 3.64474988e+00
    8.44946027e-01 3.52306187e-01 5.24043202e-01 4.30225706e+00
    8.00009842e+01 1.24590775e+02 4.82522087e+01 8.46810627e+00
    1.16388619e+00 3.39548588e-01 6.73209012e-01 7.69283628e+00
    1.26671249e+02 1.26573112e+02 1.79313049e+01 2. 3.43179584e+00
    5.46025515e+00 4.11579990e+00 1.21874390e+01 1.63493614e+01
    9.65063763e+00 2.73110890e+00 5.36604500e+00 2.12306175e+01
    2.07193336e+01 7.81354284e+00 6.91364098e+00 1.14847889e+01
    1.24877329e+01 1.00245342e+01 3.09911680e+00 1.12365067e+00
    7.17369974e-01 7.27183521e-01 2.83905792e+00 1.29973511e+02
    3.82630043e+01 1.29872427e+01 5.89892054e+00 1.19430816e+00
    3.84690881e-01 5.04416108e-01 2.49685974e+01 1.45046127e+02
    5.26879311e+01 6.03238487e+00 2.79882240e+00 2.36506391e+00
    1.15505397e+00 9.70559359e-01 5.38076553e+01 2.73366051e+01
    9.61432743e+00 7.39744854e+00 1.33788033e+01 2.04651623e+01
    1.05789986e+01 4.16683006e+00 7.50637865e+00 8.54857731e+00
    5.45436716e+00 3.75367999e+00 1.17762518e+00 7.57605493e-01
    8.05691838e-01 1.12953877e+00 3.76643777e+00 9.89244385e+01
    3.21933250e+01 5.23650646e+00 8.11580002e-01 2.88518161e-01
    3.50343466e-01 1.14818454e+00 2.42502460e+01 1.24789993e+02
    7.65417099e+01 1.96133461e+01 4.71540737e+00 2.12659478e+00
    5.52502453e-01 4.15112853e-01 2.70068703e+01 1.80598621e+01
    3.01992149e+01 2.32826309e+01 1.63964672e+01 1.18518152e+01
    4.34936190e+00 1.55250251e+00 2.78017664e+00 2.01786766e+01
    1.65840664e+01 6.30872869e+00 1.46748686e+00 1.18804920e+00
    1.74985361e+00 1.73755133e+00 6.11189222e+00 1.15466316e+02
    4.28453445e+01 5.38664341e+00 1.76098418e+00 4.29584074e+00
    5.48154640e+00 9.32630348e+00 5.68090210e+01 7.48927917e+01
    1.92472172e+01 7.77445841e+00 1.65436440e+01 2.62056236e+01
    2.14628010e+01 2.21189232e+01 4.69402466e+01 8.05741119e+00
    7.26596355e+00 1.06303453e+01 2.25606327e+01 2.01722317e+01
    1.42893963e+01 1.60515518e+01 1.15688343e+01 3.59244308e+01
    8.18804932e+00 3.46104288e+00 1.82542479e+00 2.27826595e+00
    1.78910375e+00 1.11423552e+00 7.77211475e+00 1.44100769e+02
    4.95846519e+01 6.86760426e+00 4.60515547e+00 7.91446972e+00
    6.63737535e+00 5.88166380e+00 6.34141769e+01 9.66643219e+01
    2.94733448e+01 3.25360298e+01 4.90404205e+01 4.53286476e+01
    2.36367893e+01 1.25963678e+01 3.22044525e+01 8.23198605e+00
    1.42811956e+01 3.17024021e+01 3.76057396e+01 2.31739902e+01
    9.64089012e+00 6.09900427e+00 5.76801395e+00 2.37721157e+01
    1.44007034e+01 4.08904505e+00 1.85178673e+00 1.18394852e+00
    7.26420641e-01 1.53778565e+00 4.45928526e+00 1.27343292e+02
    1.27688927e+02 5.26156998e+01 1.19291153e+01 3.71001768e+00
    1.53661394e+00 1.38312829e+00 1.02413588e+01 3.74721756e+01
    8.54721756e+01 9.38851776e+01 6.85705948e+01 3.02015228e+01
    6.27885199e+00 1.54540133e+00 4.40011740e+00 8.03573513e+00
    3.05799656e+01 4.74651451e+01 3.26719398e+01 1.26086702e+01
    4.21265364e+00 1.58875227e+00 1.86643231e+00 6.18863487e+00
    5.81429434e+00 3.14586997e+00 1.32688928e+00 6.34446383e-01
    7.72114813e-01 2.43760991e+00 4.22026968e+00 2.54434681e+01
