<?xml version="1.0"?>
<opencv_storage>
<std_dev type_id="opencv-matrix">
  <rows>103</rows>
  <cols>1</cols>
  <dt>d</dt>
  <data>
    9.6888881918226879e+00 2.0098792724732515e+01 3.9018795737484474e+01
    1.3068288360212659e+01 2.2787270107833507e+01 1.4964619034685379e+01
    4.9714459667183348e+01 5.2837922997365262e-02 5.6401484909530524e+01
    5.2808992185830815e-02 7.8968727987729409e+01 5.4638899582289971e-02
    9.4605019068989407e+00 3.9535013941319725e+00 3.9701806425040798e+00
    3.7877096700009223e+00 3.6592421252654836e+00 2.4293772919770391e+00
    3.7144053787814912e+01 3.0097158487582356e+00 5.5352613279980449e+00
    3.0095842718129182e+00 3.3938516114980901e+00 2.6757813677800035e+00
    1.5290152157838965e-01 9.0415373943997082e-02 2.5735557417401783e-01
    2.2503017440208181e-04 1.4864821982066406e-02 9.9467369276731079e-03
    3.4919767261150238e-02 2.4871503495150524e-02 1.8390264010271353e-05
    1.8001298387485043e-02 1.0808429080080784e-02 3.1249580229466990e-02
    3.1231951005268641e-02 4.0341686613296904e-05 1.8635040989483851e-02
    9.6982493404084054e-03 2.5538090777005907e-02 3.2751053262466467e-02
    1.9756596305696524e-05 1.6300031041640947e-02 1.2399633038380698e-02
    2.5747166774237388e-02 4.7038911761116825e-02 2.3208115287402938e-05
    1.7359843439220885e-02 1.2074307437314918e-02 2.5593570090740845e-02
    2.4538351818484013e-02 3.8782648259015203e-05 2.1465530340025758e-02
    1.4538862837436446e-02 3.0646818668105032e-02 3.4351700973882883e-02
    2.6149706686588821e-05 2.3635588007302980e-02 1.1401858833510164e-02
    3.3252364911708944e-02 3.3737382605974163e-02 1.2238597662681586e-05
    1.3996553220412759e-02 1.5457629502541263e-02 2.7396401374834359e-02
    3.6951820683338112e-02 2.4482831384770727e-05 2.1717267460929352e-02
    1.1095838188255958e-02 1.5784948909867019e-02 2.8990689695577301e-02
    1.3878307894614982e-05 1.7616126767105934e-02 9.2789112441367116e-03
    1.9217814911228936e-02 2.2352131235243128e-02 3.6198644637496237e-05
    2.5177320738272217e-02 7.7264213611761157e-03 2.7686705981698041e-02
    3.0806192626258121e-02 1.9163339100936895e-05 1.9154292973957709e-02
    1.1925252171708249e-02 2.9393339015482980e-02 2.7771262768648903e-02
    2.7501618446609377e-05 2.2473334841662300e-02 1.0940276651948397e-02
    1.7715905852039748e-02 3.4046745271850462e-02 2.9837108816004814e-05
    1.6583518492001518e-02 8.2962585235465906e-03 1.8000842560598331e-02
    1.6116477027155816e-02 2.2652085156319461e-05 1.8620719661351433e-02
    7.9697396368454253e-03 2.3559386304551958e-02 2.6769487724995839e-02
    1.9415192647652055e-05</data></std_dev>
</opencv_storage>
