<?xml version="1.0"?>
<opencv_storage>
<mean type_id="opencv-matrix">
  <rows>5</rows>
  <cols>1</cols>
  <dt>d</dt>
  <data>
    1.6324202164879448e-01 2.1655824552553291e-01 5.6805085809558113e-02
    1.5218217836358844e-01 4.7576113816817506e-02</data></mean>
</opencv_storage>
