<?xml version="1.0"?>
<opencv_storage>
<std_dev type_id="opencv-matrix">
  <rows>5</rows>
  <cols>1</cols>
  <dt>d</dt>
  <data>
    2.2681464657295589e-01 2.9505725208045497e-01 1.0396675963530087e-01
    2.1797711008757978e-01 8.2900578233583724e-02</data></std_dev>
</opencv_storage>
