<?xml version="1.0"?>
<opencv_storage>
<std_dev type_id="opencv-matrix">
  <rows>121</rows>
  <cols>1</cols>
  <dt>d</dt>
  <data>
    1.7455511150472649e+01 9.7797820289585022e+00 2.0657285636943115e+01
    1.1842274566439810e+01 2.8177514373228419e+01 9.6366094504499937e+00
    3.7211440892167142e+00 2.1192926193099709e-01 5.7567987370359226e+01
    2.1737357344118347e-01 1.0813398131080566e+01 2.2039039099027757e-01
    1.6682914552090864e+01 3.0298642597682606e+00 5.8496026454445387e+00
    2.1831191155903387e+00 2.8915159794651202e+00 2.5555827695926854e+00
    1.9487504725015427e+01 6.6240127807960638e+00 4.8642484443201370e+00
    3.1571431655040962e+00 3.5189747757622376e+00 2.4066486462957957e+00
    7.2140638904860180e-02 8.1450365793699006e-02 8.2398820512862958e-02
    1.0558105077648492e-03 1.5244689405057511e-02 1.5190707703505345e-02
    3.0693013267426742e-02 2.6838348766236714e-02 6.1667948741155317e-05
    2.0362898270830720e-02 1.7767723793153022e-02 2.8340039038687970e-02
    2.9402186427399432e-02 4.2356995326831553e-05 2.2406457261715716e-02
    1.9126726180641054e-02 3.2237079271255790e-02 2.6524416260857189e-02
    5.0064945635838813e-05 1.7174842096633440e-02 1.3333485159888386e-02
    2.0660996774985247e-02 1.7133858018838398e-02 6.5122623736367668e-05
    1.7539886835531933e-02 1.6313556751596511e-02 2.7498069774754653e-02
    2.8923454758290244e-02 3.6086943381026298e-05 1.9998809433341792e-02
    1.3753203910459628e-02 3.0847161753876015e-02 3.4983592747836648e-02
    4.7427219716577978e-05 2.2906000158540822e-02 1.8898647496720548e-02
    3.6748957886358929e-02 3.3812609516564035e-02 4.3276348903780179e-05
    1.8847920103506135e-02 1.2577190584844572e-02 1.7987161815205283e-02
    1.9852768542564524e-02 6.1628936890659454e-05 2.1180529568253292e-02
    1.5209468287037819e-02 2.6978347838748685e-02 2.7728740624240023e-02
    4.0185501336976492e-05 3.0583015028693639e-02 1.7081515443253710e-02
    3.2697094448596711e-02 3.5312794963757721e-02 4.5019814092142586e-05
    2.4435702121298690e-02 1.8664654940394182e-02 4.2253380245387516e-02
    3.3160475699684798e-02 6.7973441096033852e-05 1.8642497251132064e-02
    1.4134958667868043e-02 3.0956107198989891e-02 2.0809919692571968e-02
    6.5315860380622183e-05 1.6429590326643224e-02 1.4369546429303975e-02
    2.9980893698187606e-02 2.4828400961836410e-02 5.0209046707543452e-05
    2.1526576561589045e-02 1.8970587160699801e-02 3.9113126419883001e-02
    2.6960871798371547e-02 4.8032886698323209e-05 2.1068657071493326e-02
    1.7815441777239101e-02 2.8083006784848177e-02 3.1956747778819884e-02
    5.0665393382573339e-05 1.6214800382900626e-02 1.4126576182494159e-02
    2.4863650009509203e-02 1.9640528719772028e-02 6.1267063450260801e-05
    1.4590313858592166e-01 5.3657745810469990e+01 1.7821950706834533e+00
    9.0423578573346504e+02 1.1276635726916477e-02 1.7895846907924909e-01
    5.1715080269864579e+01 3.5816805319580217e+03 1.1566515450912791e+00
    3.4974280099455250e+01 5.5719615554198598e-01 5.4790736728011762e-02
    1.7248605215114357e-02</data></std_dev>
</opencv_storage>
