<?xml version="1.0"?>
<opencv_storage>
<std_dev type_id="opencv-matrix">
  <rows>200</rows>
  <cols>1</cols>
  <dt>d</dt>
  <data>
    6.3026645706566360e-03 5.1396337986911221e-03 4.8027301321962347e-03
    8.1978923531354081e-03 7.3140117063114247e-03 4.4913228463126249e-03
    4.8123340169005518e-03 9.4021564434063586e-03 5.0861785433883111e-03
    5.0321293387194255e-03 3.8736537020146078e-03 4.7677901622958990e-03
    2.5256597332309175e-02 2.7577336161657032e-02 1.5317250164521021e-02
    4.5359988618421943e-03 3.9514515649349963e-03 3.9223646302269525e-03
    5.1663655372683375e-03 4.6605977426233498e-03 6.1195707900806636e-03
    3.6889379950571146e-03 3.9359228316155920e-03 3.7866002900898981e-03
    7.0609068102324875e-03 7.7887342554869860e-03 5.5188051556232737e-03
    3.3663365963696409e-03 8.3550705945083670e-03 7.3913395697359991e-03
    2.1584633049465850e-02 3.1736261140803208e-03 6.9192393089179891e-03
    6.9271768248659266e-03 3.8469720646911892e-03 8.5656522151578152e-03
    4.7359929084149219e-03 1.0295293042764444e-02 8.8388208448787510e-03
    7.5365369548888624e-03 7.7935665547445810e-03 4.8029366219179718e-03
    4.9908416502688780e-03 4.6633250865290941e-03 5.3435990248729163e-03
    1.0525813103746794e-02 6.6346547152915649e-03 4.9682491497838972e-03
    6.4568043804003683e-03 4.6180352107894809e-03 1.6639712946011978e-02
    4.4906912869464117e-03 4.3947856440557979e-02 5.2494349752121531e-03
    4.1955743480273609e-03 4.6535342806516312e-03 4.6815548098354974e-03
    7.6141395644915904e-03 3.7009889683167108e-03 9.7068483575474471e-03
    5.0230974775497669e-03 4.4455196787581367e-03 6.1603639732650470e-03
    5.9593430746030136e-03 4.6682800702990039e-03 7.7415365686281205e-03
    4.7005705260082763e-03 2.1453921812108458e-02 5.0834745337506072e-03
    5.1073365686140400e-03 4.8778428636686178e-03 5.8328977780619559e-02
    4.8430176030181829e-03 2.4840659394555136e-02 1.0562034764873893e-02
    4.3666997054816080e-03 4.3588739009706749e-03 6.9628139538256027e-03
    5.0334905088185791e-03 6.2692149401423133e-03 4.8149357992688475e-03
    7.4786751195669880e-03 4.8275424349979645e-03 8.4671515272083126e-03
    1.2837268533767652e-02 1.5214072394526048e-02 5.0225619848904600e-03
    2.9854230684384993e-03 7.0885804097142926e-03 4.4456784574368269e-03
    4.7205887718714395e-03 2.2523900481117444e-02 4.9551924476116402e-03
    5.7489406143320957e-03 5.5779182216766313e-03 4.9009547352433635e-03
    4.5467860937227845e-03 1.1335215602710202e-02 4.4901994604570209e-03
    1.1052903854661492e-02 4.3562919644928692e-03 7.4495679575496904e-03
    7.7283099060449067e-03 3.8705164511233657e-03 1.2254937320811845e-02
    3.4087671734221417e-03 5.4169621822297157e-03 5.3613932754748650e-03
    9.6465764117184688e-03 4.3065266675411367e-03 4.9097574604402561e-03
    6.9135086855913611e-03 9.0764333402631060e-03 3.9789395389514129e-03
    6.0704641750977152e-03 8.4945019104139749e-03 4.6710773253979170e-03
    4.0289760161548779e-03 4.6581376004880800e-03 3.7718003398065818e-03
    4.6550382016241620e-03 4.5553222793460703e-03 4.4126178119975211e-03
    3.9591857896265270e-03 3.6792136607110672e-03 5.1813365852354035e-03
    4.2028714310733831e-03 1.0094267818649371e-02 4.2315665825391809e-03
    5.5305751787742049e-03 2.6473590520161669e-02 6.5938234311560817e-03
    3.6076052347383402e-03 5.4926174323139294e-03 7.6967727740975727e-03
    3.3807882573484776e-03 5.0220948960335238e-03 7.6122773329798995e-03
    5.0168817421114356e-03 1.6793703383173032e-02 7.2895704482520886e-03
    4.2399725302254701e-03 7.3198873795686601e-03 4.5040907703189975e-03
    1.0572349650425106e-02 5.1059632305698538e-03 2.4203699598114376e-02
    4.2629446288303865e-03 1.3865948926756666e-02 4.0818010659741501e-03
    9.6736191454899045e-03 4.0133523377104807e-03 4.4126167177523769e-03
    6.4041555194307015e-03 6.3731655971361774e-03 5.0624326243665849e-03
    4.6886778924611445e-03 5.8197889731429605e-03 4.5426105498320253e-03
    3.8546555167172807e-03 1.3152533804671967e-02 6.1673959633001107e-03
    4.7524182369972712e-03 4.4588272881097403e-03 9.1083577938126901e-03
    9.5990560748648330e-03 5.7943618903616885e-03 4.1032192410353167e-03
    1.1923841948050067e-02 6.2406977537171171e-02 1.0326431532068534e-02
    5.1162626509006024e-03 4.5011022859487108e-03 6.1859150613466198e-03
    4.9780949471468850e-03 6.6492703610851389e-03 4.4116324233781472e-03
    5.2685368968566088e-03 1.2414156673725293e-02 1.7377708633172888e-02
    3.3281515530538949e-03 5.7507126279425762e-03 5.9392158837659479e-03
    8.3787634177809375e-03 4.8547898236634976e-03 5.7710725648294848e-03
    7.8400955074519434e-03 5.5469655881855307e-03 6.1267860479028132e-03
    8.0700100475433779e-03 6.6021405971485774e-03 4.2752694288442361e-03
    5.1325292822615659e-03 6.7587482617950485e-03 5.4221279708387936e-03
    5.6492535506481242e-03 7.4324642762062867e-03 5.4654450670342794e-03
    4.3865085117335001e-03 6.7483910753753902e-03</data></std_dev>
</opencv_storage>
