<?xml version="1.0"?>
<opencv_storage>
<mean type_id="opencv-matrix">
  <rows>5</rows>
  <cols>1</cols>
  <dt>d</dt>
  <data>
    1.8474444153951480e-01 2.1409963091462850e-01 1.3223778000054881e-01
    1.7854207031149419e-01 2.8937608384341001e-01</data></mean>
</opencv_storage>
