<?xml version="1.0"?>
<opencv_storage>
<bag_of_words type_id="opencv-matrix">
  <rows>5</rows>
  <cols>128</cols>
  <dt>f</dt>
  <data>
    2.70249310e+01 2.44870052e+01 2.17212448e+01 2.46504555e+01
    2.85528126e+01 1.30337782e+01 9.50627613e+00 1.66592083e+01
    6.62151260e+01 3.86968002e+01 2.04983120e+01 1.62402306e+01
    1.43642569e+01 1.09329805e+01 1.60507927e+01 3.61908112e+01
    3.67283096e+01 2.14406281e+01 1.56228437e+01 1.73406353e+01
    2.29969730e+01 2.21722965e+01 2.47572308e+01 3.22012329e+01
    1.94824333e+01 1.60947590e+01 1.33942976e+01 1.66786823e+01
    2.18670635e+01 2.12085667e+01 1.84469833e+01 1.78496857e+01
    3.95736580e+01 2.40505733e+01 2.15424194e+01 3.61853523e+01
    4.65913353e+01 2.13677273e+01 9.60510254e+00 1.64476299e+01
    1.27998184e+02 4.28445625e+01 1.32063580e+01 1.25448952e+01
    1.32519636e+01 1.10425615e+01 1.92203617e+01 6.26993103e+01
    4.74996071e+01 1.48476048e+01 1.38181314e+01 2.88646679e+01
    4.68183060e+01 4.41072006e+01 3.77264023e+01 3.83447990e+01
    2.44332485e+01 2.00180092e+01 1.80649548e+01 2.33131008e+01
    2.66839333e+01 2.35016556e+01 1.95394859e+01 2.06704044e+01
    3.90450706e+01 1.51488943e+01 9.12125111e+00 2.35461731e+01
    4.74257736e+01 3.33521614e+01 2.23634682e+01 2.46043625e+01
    1.27864067e+02 6.15329895e+01 1.95214939e+01 1.20392656e+01
    1.32729206e+01 1.10106916e+01 1.27130127e+01 4.33045235e+01
    4.78578072e+01 3.74428673e+01 3.72793541e+01 4.58785286e+01
    4.66713181e+01 2.77757587e+01 1.34369068e+01 1.45927238e+01
    2.41222439e+01 2.02805538e+01 2.04287224e+01 2.41270542e+01
    2.66728172e+01 2.21930962e+01 1.67330875e+01 1.85969353e+01
    2.62999172e+01 1.59582739e+01 1.04133472e+01 1.34694386e+01
    2.91554546e+01 2.34296837e+01 2.14219418e+01 2.37835503e+01
    6.73987122e+01 3.54764404e+01 1.62670383e+01 1.12693415e+01
    1.46086988e+01 1.55115585e+01 1.92948723e+01 3.96269112e+01
    3.66462593e+01 3.12161674e+01 2.45603657e+01 2.27650528e+01
    2.42410831e+01 1.68287449e+01 1.47779350e+01 2.10096817e+01
    1.82834072e+01 1.76339302e+01 1.92291126e+01 2.03010693e+01
    2.15086250e+01 1.56444635e+01 1.30925980e+01 1.52102690e+01
    1.88214245e+01 8.37586498e+00 4.71295214e+00 5.42477608e+00
    7.46845579e+00 3.19609785e+00 1.62616694e+00 3.49964118e+00
    1.32484131e+02 3.42504463e+01 3.74075222e+00 2.21175194e+00
    2.72815514e+00 1.50678074e+00 1.43885028e+00 2.31091690e+01
    1.41718353e+02 3.45388908e+01 2.96151090e+00 1.82624495e+00
    2.58780098e+00 2.41585112e+00 4.62181759e+00 4.16123390e+01
    2.82453384e+01 9.68176746e+00 4.37633610e+00 5.09119654e+00
    9.89883327e+00 7.94286156e+00 8.66875935e+00 1.85505848e+01
    2.57988758e+01 5.36897087e+00 2.99807143e+00 5.03787374e+00
    9.17441177e+00 4.54108477e+00 2.24734831e+00 5.31843853e+00
    1.55110733e+02 2.57550526e+01 2.40799332e+00 2.19558501e+00
    3.33616471e+00 2.27892327e+00 2.08430290e+00 3.07412243e+01
    1.53736374e+02 3.60806313e+01 2.93791676e+00 2.38924122e+00
    3.58695984e+00 3.05711842e+00 5.70242739e+00 3.94386063e+01
    3.70029144e+01 1.16259003e+01 5.52220964e+00 7.06875134e+00
    1.31031370e+01 9.66695404e+00 8.77610207e+00 1.65568008e+01
    2.60554371e+01 5.39835072e+00 2.13750243e+00 3.92648911e+00
    9.37847042e+00 5.36207724e+00 2.86811924e+00 5.51283312e+00
    1.54608612e+02 3.10904999e+01 1.98069394e+00 1.81567883e+00
    3.33202028e+00 2.49974370e+00 2.62257648e+00 2.56461105e+01
    1.53872009e+02 3.91213150e+01 5.17432976e+00 2.76947546e+00
    3.63349152e+00 2.64083624e+00 3.48248911e+00 3.67915726e+01
    3.74986153e+01 1.61622868e+01 7.94366169e+00 8.92158604e+00
    1.29622707e+01 7.70681810e+00 6.15725994e+00 1.28087854e+01
    1.89100361e+01 4.02734900e+00 1.60571182e+00 2.86247730e+00
    7.54206944e+00 5.36523676e+00 4.74266052e+00 7.95578718e+00
    1.30481750e+02 2.49374866e+01 1.55199945e+00 1.36808848e+00
    2.55489230e+00 2.16928267e+00 4.06799221e+00 3.22598648e+01
    1.40679077e+02 4.45333939e+01 5.21060324e+00 2.39584756e+00
    2.68022823e+00 1.80281496e+00 2.98065305e+00 3.23079758e+01
    2.90250111e+01 2.21530132e+01 9.21585560e+00 7.54654217e+00
    9.70211983e+00 5.25180054e+00 4.42147303e+00 9.77716923e+00
    2.00218296e+01 9.18694782e+00 8.01615524e+00 1.44672689e+01
    2.79290161e+01 2.10740623e+01 1.40367384e+01 1.84015274e+01
    2.51740742e+01 1.40606537e+01 1.60353394e+01 3.55779915e+01
    5.66153145e+01 2.73737698e+01 1.21076450e+01 1.42706528e+01
    7.91562653e+01 2.99094257e+01 1.42550058e+01 1.50631475e+01
    1.60319805e+01 1.16255693e+01 1.37854214e+01 3.52475243e+01
    3.16068439e+01 1.12117033e+01 6.14550304e+00 9.73117924e+00
    1.91099358e+01 1.83624725e+01 1.74006367e+01 2.47645340e+01
    2.53073654e+01 1.36932192e+01 1.12620535e+01 2.42668114e+01
    4.09574089e+01 2.29060936e+01 1.25334940e+01 1.97808666e+01
    3.46854858e+01 1.94054947e+01 2.50971622e+01 7.25205460e+01
    1.06698586e+02 3.51766205e+01 6.27334929e+00 8.27261162e+00
    1.34345474e+02 5.63178482e+01 1.98468895e+01 1.85099087e+01
    1.67835636e+01 7.85602331e+00 7.95552731e+00 3.58613930e+01
    4.82066154e+01 1.28906755e+01 7.30622053e+00 1.58523340e+01
    2.84641647e+01 2.26513672e+01 1.69188137e+01 2.37183819e+01
    2.37180767e+01 1.68205566e+01 1.44799137e+01 2.92350330e+01
    4.48454399e+01 1.95170841e+01 8.56433010e+00 1.48884621e+01
    3.88765564e+01 8.65983963e+00 8.41450214e+00 4.53977089e+01
    1.13710800e+02 5.92564812e+01 1.60222626e+01 1.78447533e+01
    1.36800964e+02 3.82767830e+01 7.35802078e+00 8.62839317e+00
    1.75811481e+01 1.47367001e+01 1.29443579e+01 5.22413673e+01
    4.94534798e+01 2.25259628e+01 1.62744942e+01 2.35477161e+01
    2.97779675e+01 1.54410639e+01 7.27406168e+00 1.36615191e+01
    1.64881306e+01 1.58102789e+01 1.48047066e+01 2.37361145e+01
    3.28137627e+01 1.51307468e+01 7.05683756e+00 9.04772949e+00
    2.77369537e+01 1.27738962e+01 1.20308361e+01 2.88010693e+01
    6.38748512e+01 3.25784760e+01 1.40450583e+01 1.66829910e+01
    9.04732971e+01 3.72380371e+01 1.08854599e+01 9.67579174e+00
    1.59023533e+01 1.14197178e+01 1.14801931e+01 3.48992233e+01
    3.39992104e+01 2.38769627e+01 1.59858541e+01 1.85255566e+01
    2.17826481e+01 9.80628395e+00 6.15583277e+00 1.17360640e+01
    2.01424084e+01 1.95469055e+01 1.80903187e+01 1.57050772e+01
    1.35858164e+01 1.35988131e+01 1.66259918e+01 2.14725723e+01
    3.68771286e+01 3.23706818e+01 2.48806190e+01 1.77043762e+01
    1.38768082e+01 1.46292601e+01 1.92094002e+01 2.71058445e+01
    5.65098000e+01 3.18527393e+01 1.53451881e+01 9.63690186e+00
    1.28787937e+01 1.68400230e+01 2.40755367e+01 4.08439751e+01
    2.15967884e+01 1.03076000e+01 6.90143824e+00 1.03626375e+01
    2.39190102e+01 2.49445229e+01 2.71543427e+01 2.73280792e+01
    2.33747730e+01 2.31253605e+01 2.21059647e+01 2.11805973e+01
    1.98063278e+01 2.07415810e+01 2.12895489e+01 2.48219528e+01
    4.50831985e+01 4.29846191e+01 4.76926231e+01 4.62461052e+01
    3.59307632e+01 2.69424763e+01 1.78974075e+01 1.90566425e+01
    1.26351730e+02 7.09337540e+01 2.63347588e+01 1.04324770e+01
    9.35148525e+00 9.84351254e+00 1.32573566e+01 4.14665146e+01
    3.91035767e+01 1.31984282e+01 8.72910595e+00 1.86865444e+01
    3.45146332e+01 3.02756500e+01 2.41762447e+01 2.41701870e+01
    2.41896038e+01 2.43883724e+01 2.05623093e+01 1.75981712e+01
    1.86265526e+01 2.24253368e+01 2.45527821e+01 2.54587727e+01
    4.17482224e+01 1.72832108e+01 1.64024525e+01 2.15389423e+01
    3.32566757e+01 5.14428291e+01 5.46354599e+01 4.61340065e+01
    1.24383842e+02 3.92052078e+01 1.37164497e+01 1.02004337e+01
    8.79720020e+00 1.19347944e+01 3.07562447e+01 7.53748779e+01
    3.72616501e+01 2.45190449e+01 2.60280819e+01 3.29084396e+01
    3.45749664e+01 1.86948681e+01 7.98377419e+00 1.25702915e+01
    2.28468227e+01 2.37092896e+01 1.83593693e+01 1.25659990e+01
    1.10722475e+01 1.41634884e+01 1.74185982e+01 1.99923992e+01
