<?xml version="1.0"?>
<opencv_storage>
<mean type_id="opencv-matrix">
  <rows>200</rows>
  <cols>1</cols>
  <dt>d</dt>
  <data>
    3.8582023321273359e-03 3.1773958491625983e-03 2.7195633299241452e-03
    6.4081549644470215e-03 4.7513303155003973e-03 2.7178036883079813e-03
    2.9447320668502764e-03 7.1824068856867216e-03 2.8281602791123805e-03
    2.3230931923852853e-03 2.1842578945152863e-03 2.9159410229108364e-03
    1.1126793487797233e-02 2.7529425326396118e-02 1.1802932226353070e-02
    2.6867624606218654e-03 2.1118895881248670e-03 2.1047955150063852e-03
    3.3707893261896485e-03 2.8718112692172827e-03 3.3455944244797898e-03
    1.9593035148088283e-03 2.4146439887455114e-03 2.2287432279401169e-03
    4.8485370009624983e-03 5.3201547208303899e-03 3.4245297167431882e-03
    1.7202280473801552e-03 4.6912991923465409e-03 4.0205619725540587e-03
    1.8764401307782612e-02 1.5522814038294282e-03 3.9746362417913440e-03
    4.4204802136508983e-03 2.2395472801679459e-03 5.0712561266867476e-03
    2.7129488909349341e-03 9.1866404058397987e-03 4.7713269318536344e-03
    4.9741530389907137e-03 3.7095721529885961e-03 3.1645411115794166e-03
    2.6809349697579786e-03 2.5452351283696216e-03 3.2319598293494827e-03
    9.4728280303322462e-03 4.4603538356208826e-03 3.0019797890444792e-03
    3.4139015231595010e-03 2.8095857181050870e-03 1.6192448968456768e-02
    2.1834729995329105e-03 3.3750019159227498e-02 3.1606402490985939e-03
    2.3075385709666173e-03 3.2592880715792243e-03 2.6515232054722614e-03
    5.1147606142588342e-03 2.0067543615140842e-03 5.9065503421232689e-03
    3.1274758635148297e-03 2.7533216450274156e-03 4.2033035098460641e-03
    4.0135426317794700e-03 2.6106302839811408e-03 3.8522125278423365e-03
    1.7171781119679991e-03 9.4931563393942809e-03 3.1759043699542302e-03
    2.8562617191589491e-03 2.8360521510078659e-03 4.2595785249342696e-02
    2.6946093570166417e-03 2.2956682010427922e-02 6.7005419974382370e-03
    2.6052083113031685e-03 2.5016806967652584e-03 6.2691172645244226e-03
    3.1021857171957849e-03 3.5944277928634124e-03 3.2689523780478178e-03
    3.7304322440943768e-03 3.0335702251755065e-03 4.4549522723794366e-03
    1.0325253961141008e-02 8.7892548604445019e-03 3.0320294753989293e-03
    1.4136233603002856e-03 3.7099856776597220e-03 2.4105657008762589e-03
    2.8676733472418835e-03 2.4176799200094221e-02 2.9877372230780689e-03
    3.7732221870065302e-03 2.8784820759618604e-03 2.6996163508330793e-03
    2.7096421034212615e-03 6.6615738506950618e-03 2.6055769610140904e-03
    6.8068761329615089e-03 2.5577847117899074e-03 4.0606818503999961e-03
    5.7078090316732702e-03 1.8574815573564362e-03 7.5533721632900803e-03
    1.7123967529267658e-03 3.3533956202808812e-03 3.2806070284066716e-03
    5.8169297993249493e-03 1.6596854856885347e-03 2.6049678455878056e-03
    2.5635958038252166e-03 6.6696926016081353e-03 2.3060127698326669e-03
    3.9708414621289628e-03 6.0690251127267555e-03 2.7452332899546485e-03
    2.1548938981248225e-03 2.5586873748859149e-03 2.0126363650680560e-03
    2.9458422102240033e-03 2.6598468607952888e-03 2.2249799377641911e-03
    2.1244505330512910e-03 1.7672651112697450e-03 2.9246241221243300e-03
    2.4085817624029935e-03 6.7331882651909016e-03 2.2928040527283268e-03
    3.4808191818045567e-03 2.6023078036233691e-02 3.5037043119988949e-03
    1.7759158169903338e-03 3.3975888274756492e-03 5.1698349703718843e-03
    1.7292195723989305e-03 3.2086584085475019e-03 4.9680506073153542e-03
    2.5969327967190607e-03 7.6401419265433703e-03 5.1404062030134439e-03
    2.4899541422111469e-03 3.9142074992454604e-03 2.5605774527193673e-03
    6.1370023491641350e-03 2.7551168648249193e-03 1.9586979883782454e-02
    2.0736842490595374e-03 8.6522247191491083e-03 2.3177232785225920e-03
    5.2369065420857699e-03 1.9714434594556652e-03 2.2731645468105298e-03
    4.1225414703993692e-03 3.9018566227639298e-03 3.1394667264717088e-03
    2.7688441980293784e-03 3.8954105655232521e-03 2.8736376003659710e-03
    2.1981541562198456e-03 7.0560246429129227e-03 3.6451497110332239e-03
    2.8118755687279876e-03 2.7967546690376680e-03 6.5899955858739609e-03
    4.5974277422124983e-03 3.3507900684671497e-03 1.9836197735933949e-03
    6.4494951192806734e-03 4.5123099057113689e-02 6.5139215767065503e-03
    3.2619012967930508e-03 2.5282235846440571e-03 4.2863084556516579e-03
    3.4593654028769278e-03 3.4433516408591382e-03 2.5637364401127362e-03
    2.9513580689987016e-03 6.6672930727353554e-03 7.0271982860875010e-03
    1.6442818609489636e-03 3.8900519166306501e-03 3.4885679480919488e-03
    6.5420522601675486e-03 2.8498672576465572e-03 3.5580987351287513e-03
    4.3059767995324875e-03 3.0361503925854087e-03 3.2357765349939338e-03
    7.0618334185121538e-03 3.4225516223476819e-03 2.5170772951107739e-03
    3.3864692935871112e-03 4.3429121236644077e-03 3.1318201807027804e-03
    3.4257934421028586e-03 5.4504436826051947e-03 2.7834815775497337e-03
    2.8149978173622079e-03 2.9278556539972266e-03</data></mean>
</opencv_storage>
