<?xml version="1.0"?>
<opencv_storage>
<std_dev type_id="opencv-matrix">
  <rows>5</rows>
  <cols>1</cols>
  <dt>d</dt>
  <data>
    9.9726716151531641e-02 9.1922140147159950e-02 6.2491884535865988e-02
    6.7905275069286161e-02 1.3634638277417169e-01</data></std_dev>
</opencv_storage>
