<?xml version="1.0"?>
<opencv_storage>
<std_dev type_id="opencv-matrix">
  <rows>100</rows>
  <cols>1</cols>
  <dt>d</dt>
  <data>
    9.9231313036560933e-03 2.0577629277093164e-02 1.2575653695057521e-02
    2.4696494685254457e-02 1.3414889401431944e-02 9.0691581622396808e-03
    3.3856016190095928e-02 1.3524059328067106e-02 3.0883233754682972e-02
    7.2987445468765131e-03 2.3327224840614877e-02 3.9608802363579731e-03
    7.0092008706437820e-03 1.5204375336176171e-02 8.6669519696872168e-03
    2.2237994096039007e-02 1.6207085299655567e-02 5.8860332790250502e-03
    1.0156869751055139e-02 1.3615975607522056e-02 6.8444613788599760e-03
    1.5432689295679014e-02 7.2774552488929006e-03 8.0781796242214259e-03
    7.4592367992206057e-03 8.1527185287759239e-03 2.0514456941980706e-02
    2.5669150366531193e-02 1.9908123900500826e-02 8.1774582257979900e-03
    1.4069156334654066e-02 1.4619026457049393e-02 4.3620555259672365e-02
    1.1203241812364160e-02 9.2910982084714808e-03 1.1624800713204941e-02
    7.0496685885447323e-03 1.5229398944228196e-02 4.9793292579301256e-02
    6.2492160221753407e-03 8.4121614973073269e-03 5.8850918922046438e-03
    9.4641982116379121e-03 7.2064356624947055e-03 1.7164392795526541e-02
    6.4459053861455175e-03 1.2776520725584953e-02 1.8802686709387655e-02
    7.6905782666159671e-03 1.5188930054977694e-02 1.1147016945665965e-02
    1.1465582114721052e-02 1.5761939538556008e-02 5.1256720934524234e-02
    7.2024818170223015e-03 9.1779167536040242e-03 1.0513703290808659e-02
    7.5229560230783291e-03 7.9503762433780576e-03 1.4773514755022327e-02
    1.9867897251557104e-02 1.0244499939333440e-02 6.3143017805062165e-03
    1.6674369724453884e-02 8.0887516524580094e-03 2.0220931339016528e-02
    8.7334388227164415e-03 7.4047361806329317e-03 1.4976879399615648e-02
    7.9222712841031748e-03 3.3732711252425954e-02 7.0970986810781761e-03
    1.7509519371077177e-02 7.4275852511972648e-02 1.4983009364014113e-02
    1.0456783878282324e-02 2.0634544903985981e-02 8.0039542839604409e-03
    6.6797494817740942e-03 9.0568405367219239e-03 6.8394105361890009e-03
    1.4081745439835345e-02 6.5257126359141949e-03 8.5208208266945792e-03
    6.8248286352701895e-03 9.2122713455702505e-03 8.6199647670679603e-03
    8.4047516472177709e-03 9.0348926168647460e-03 7.6111395976911342e-02
    1.0676949671018229e-02 2.3451440823409723e-02 8.9870603061566277e-03
    1.0768776264280860e-02 1.0426787478700709e-02 7.5721523871202356e-03
    1.6939954411183244e-02 1.0576365419515853e-02 8.2506752695078716e-03
    1.6242322545452038e-02</data></std_dev>
</opencv_storage>
