<?xml version="1.0"?>
<opencv_storage>
<mean type_id="opencv-matrix">
  <rows>100</rows>
  <cols>1</cols>
  <dt>d</dt>
  <data>
    7.1401684397561643e-03 9.9664083035333282e-03 1.1339441948362405e-02
    1.3935774343462744e-02 1.0218253282601545e-02 6.8711218764268677e-03
    1.4567003552570901e-02 9.9321752548790429e-03 1.4763442545037416e-02
    4.6217240219602641e-03 2.1250927651497990e-02 2.0422890403778500e-03
    4.6254684826402921e-03 1.0749011647166544e-02 5.8347904830064632e-03
    2.6453262257150206e-02 1.2153175975136488e-02 3.7619813560269889e-03
    6.6384152074918327e-03 1.0356534786498679e-02 4.1771143031678606e-03
    9.6986929196973791e-03 5.0410852571779151e-03 3.9458020226105896e-03
    4.3133900091404647e-03 5.3426088702496549e-03 1.0652603583979389e-02
    2.0966272756631193e-02 1.4434364037989462e-02 5.2622882985174368e-03
    8.1667327396535167e-03 1.0424697559962764e-02 4.1279880895781482e-02
    8.4532097676694729e-03 5.9408306759081821e-03 7.6422476016383802e-03
    4.2845183764900477e-03 8.1066849887554658e-03 4.9893097116735910e-02
    4.2133535280964741e-03 6.4219338094448431e-03 3.9745609153806188e-03
    5.9771944811888647e-03 4.9918048375884351e-03 9.0705087419365865e-03
    4.2018623342956404e-03 7.6215257631084702e-03 1.5457879379878001e-02
    5.0895832354073993e-03 6.1156005386899014e-03 7.6432503611226291e-03
    7.6517641181721996e-03 9.3500396032670553e-03 1.4244150727812210e-02
    5.1782210834698831e-03 6.7679788114858048e-03 7.7827453822099336e-03
    5.3115052857385173e-03 5.6708927702325256e-03 7.3917020223524142e-03
    1.0871625684342145e-02 6.6711007529722558e-03 3.9457884658487905e-03
    1.0588103867249623e-02 5.9436228419301480e-03 1.6723908870614694e-02
    6.3494109395434281e-03 5.2575231096634338e-03 1.6146431776665165e-02
    5.5429645049247123e-03 1.4388831483012348e-02 3.5384592608373624e-03
    8.4501544774878371e-03 6.2691848431458558e-02 8.7579184693713525e-03
    7.6758819284202051e-03 2.1303016781535209e-02 3.6483959297287246e-03
    3.6217861497433073e-03 6.3213340894929465e-03 4.0632713341103091e-03
    9.9012464487483829e-03 4.6214982022241965e-03 5.8833494570894127e-03
    4.1529793804754595e-03 5.2722007329223126e-03 5.2694229400891803e-03
    5.4754253234300890e-03 6.7680167987475819e-03 5.9428448746875709e-02
    6.4283730463713272e-03 1.2881807475466300e-02 5.8865078655618679e-03
    7.8772197948044111e-03 7.2147267521511004e-03 4.4709826059251608e-03
    9.8090498752566174e-03 7.1279140733828033e-03 5.3234590618237709e-03
    8.3304494850376404e-03</data></mean>
</opencv_storage>
