<?xml version="1.0"?>
<opencv_storage>
<mean type_id="opencv-matrix">
  <rows>121</rows>
  <cols>1</cols>
  <dt>d</dt>
  <data>
    4.6451891024743247e+01 4.8908438644944880e+01 5.4790124227558067e+01
    6.2421433658152246e+01 5.7595534011467464e+01 4.3039449272386626e+01
    4.8641556035813521e-01 3.3516298766359520e-01 1.4000926211793763e+01
    3.2376421086728463e-01 1.2863538129052177e+00 2.9891851533443148e-01
    4.4015447409883919e+01 6.4270898610659408e+00 1.1318038413925059e+01
    3.6400772642157913e+00 5.2156169506315484e+00 4.6176408510318749e+00
    5.1821024934168619e+01 1.0042095119337741e+01 1.4245867959177394e+01
    5.9833237755619271e+00 5.5908238694368508e+00 4.9170223525818750e+00
    2.3101283401415901e-01 3.4985860701092097e-01 3.5112821200140792e-01
    2.2250079753834764e-03 4.6403128304466336e-02 3.7110416804253234e-02
    6.7585883081169237e-02 6.6289222849218593e-02 9.0172761691448531e-06
    3.3574283050154446e-02 3.1561022095991674e-02 4.6650913907644115e-02
    5.0334981232571366e-02 4.8141994855956795e-06 3.9322161872894501e-02
    3.5063597874458209e-02 6.2107794021962384e-02 5.0901553826746007e-02
    6.4605218612456453e-06 5.3409225625090220e-02 4.2108492073275543e-02
    7.7139998695693199e-02 7.5951359487698586e-02 1.0652398934823016e-05
    4.1769101262612025e-02 2.5842053671817099e-02 4.7828110037117504e-02
    4.8105621828593764e-02 4.0614048096563452e-06 1.8295417336225400e-02
    1.3035007585120443e-02 2.8145568691751034e-02 3.0789907187896624e-02
    5.2501785291482711e-06 2.5562712573400301e-02 1.9699753484044701e-02
    4.0947100557755904e-02 3.9512712900239819e-02 3.4529923134928349e-06
    5.2093613415181823e-02 3.7690274962585098e-02 7.1490935461508892e-02
    7.2275225825620334e-02 9.4622552718651917e-06 4.6412575904839132e-02
    2.7892576204602684e-02 5.0793979344638668e-02 5.1466961629404721e-02
    5.4574153840112219e-06 2.6640257696214933e-02 1.4553634592896152e-02
    2.8757201825717324e-02 3.1052618727163070e-02 2.7387191021781774e-06
    3.1269514317504583e-02 2.0846881992262898e-02 4.7813394838540559e-02
    4.4454226967343642e-02 8.7478006028812088e-06 5.2444219326241041e-02
    3.7715211656604117e-02 8.3273045701104290e-02 6.2683614750674896e-02
    1.0458204222585232e-05 4.7250589002861235e-02 3.8021553586215881e-02
    7.0890766969288102e-02 6.1377371302957180e-02 7.1104685727241571e-06
    3.1631343631907193e-02 3.1527664185545951e-02 5.9114127738280439e-02
    4.2508521841204683e-02 5.0372878228117999e-06 3.1023566612463912e-02
    3.1699865252306475e-02 4.7849596500332658e-02 4.9565998631058011e-02
    5.6994604472701345e-06 4.6905721447079544e-02 3.7741839412331703e-02
    7.1702303270961318e-02 7.5108649341219455e-02 9.1406429950518956e-06
    1.3740221415377804e-01 7.7969763783596250e+01 5.9129180723022881e+00
    1.6338308473004242e+03 9.7666339643619959e-01 4.7843096317719425e-01
    1.0319310176380746e+02 6.4573536254180863e+03 4.1970373006244550e+00
    5.5935040691340788e+01 2.2692226575293071e+00
    -4.0212656125629526e-01 9.6581353102956280e-01</data></mean>
</opencv_storage>
