<?xml version="1.0"?>
<opencv_storage>
<PatternName>enter15</PatternName>
<Descriptors type_id="opencv-matrix">
  <rows>500</rows>
  <cols>32</cols>
  <dt>u</dt>
  <data>
    0 141 2 158 20 131 174 230 22 1 88 2 96 234 48 64 89 106 19 193 34
    186 10 255 40 38 138 8 20 10 48 136 110 176 160 18 201 117 144 203
    139 255 165 29 8 252 78 30 137 147 241 145 158 67 250 209 27 81 221
    255 211 68 158 87 135 32 226 129 70 16 184 72 56 242 82 151 8 140 94
    43 126 141 179 181 164 86 164 192 20 8 219 172 5 36 115 212 2 201 2
    138 93 133 142 228 6 0 88 2 32 202 48 64 72 42 19 193 66 170 18 189
    41 36 142 104 21 10 176 136 2 201 2 138 92 129 142 228 6 0 88 2 32
    202 48 64 72 42 19 193 66 170 2 189 40 36 142 232 21 10 176 136 82
    42 27 176 34 200 57 66 172 140 146 235 12 199 224 82 166 245 239 129
    0 73 130 96 208 32 42 139 4 0 39 35 166 160 208 129 108 9 232 72 47
    177 177 26 142 8 92 26 43 137 95 145 18 118 201 208 28 24 11 244 197
    11 83 128 70 104 210 149 102 168 184 64 168 130 114 2 172 170 113 90
    230 109 127 211 0 213 130 224 148 48 75 128 132 113 35 129 67 27 149
    149 34 8 44 55 172 232 26 229 172 38 128 86 134 103 124 5 133 200
    165 72 132 54 126 146 12 100 1 93 43 32 65 65 117 31 234 2 123 224
    108 204 138 8 212 180 90 204 18 12 133 178 244 218 38 28 1 34 79 142
    90 148 126 169 224 0 157 89 83 200 67 228 172 143 11 12 214 148 24
    204 193 240 30 43 252 145 122 85 133 127 119 142 94 86 67 27 149 149
    34 8 44 55 168 232 26 229 172 38 128 86 134 103 124 5 133 200 165 72
    132 54 126 146 12 100 1 93 126 169 232 0 157 89 83 200 67 228 172
    143 11 12 214 148 24 204 193 240 30 43 252 145 122 85 133 127 119
    142 94 86 64 121 27 240 0 204 49 87 172 136 42 8 182 151 96 16 160
    55 77 64 1 9 146 32 241 177 50 2 0 0 7 59 121 23 103 101 23 86 70 48
    101 232 234 70 67 43 20 244 120 196 204 226 205 179 117 142 243 239
    160 17 107 230 120 22 86 50 131 128 129 100 33 65 43 255 147 30 76
    166 79 94 233 197 108 145 29 67 225 192 153 178 219 246 129 101 39
    118 126 169 224 0 157 89 67 204 67 228 172 137 3 12 214 148 24 204
    192 124 78 43 228 184 122 221 133 127 119 142 94 84 67 27 149 133 34
    8 44 55 172 233 26 229 172 38 128 210 134 39 252 5 133 200 133 64
    164 54 126 146 12 100 3 93 67 27 149 165 34 8 60 55 168 233 26 229
    172 38 128 210 134 39 252 5 133 200 133 64 164 54 126 146 8 100 131
    93 70 32 210 135 102 42 186 64 168 131 91 2 140 234 113 74 247 109
    63 147 16 241 128 192 148 52 11 128 132 99 35 129 96 169 19 224 116
    141 120 39 233 41 56 72 182 27 0 16 134 183 77 64 82 168 192 77 164
    156 32 114 64 130 195 9 34 175 98 154 84 147 170 234 86 69 88 135 96
    200 182 0 93 106 131 229 134 186 14 191 56 4 143 169 85 14 124 204 3
    142 2 159 18 146 174 230 60 66 90 199 44 238 178 192 119 107 179 133
    165 152 6 255 32 38 154 128 29 4 57 220 131 173 108 83 178 221 187
    182 62 112 12 141 189 15 150 33 6 107 91 220 247 72 125 125 111 25
    143 112 28 128 131 248 96 48 57 96 32 77 81 16 104 168 32 72 150 27
    64 48 132 21 76 0 9 96 208 0 193 249 33 50 72 0 67 51 182 104 227
    192 69 111 226 194 83 178 224 26 2 153 117 24 121 236 19 211 9 247
    208 194 31 12 133 46 225 121 114 130 64 32 57 96 32 76 89 19 32 1 38
    8 151 23 0 114 128 20 121 8 9 72 176 0 195 169 16 0 0 128 70 106 105
    56 56 96 0 77 81 19 96 161 36 24 23 23 64 48 132 20 88 8 16 104 240
    0 195 201 16 48 64 128 70 42 35 65 238 7 92 26 239 56 204 224 222
    199 241 108 150 98 120 100 127 239 133 177 239 236 46 47 239 144 77
    174 88 212 82 190 164 152 155 135 156 239 30 255 144 151 44 238 114
    75 255 219 187 149 190 75 159 215 185 6 223 239 157 100 181 222 16
    201 11 238 20 198 75 240 4 0 206 2 115 195 48 96 120 232 26 234 73
    145 56 61 225 165 162 0 48 171 48 40 97 41 121 96 84 79 107 23 96 97
    108 8 19 17 16 48 88 142 2 8 9 186 240 12 119 173 0 32 97 138 194
    168 162 161 0 155 252 129 136 237 22 25 208 18 160 200 120 1 217 10
    19 209 114 42 75 183 44 16 158 236 84 8 176 136 80 57 27 224 2 200
    17 66 168 4 42 8 182 151 96 80 162 53 105 64 0 9 178 32 209 165 18 1
    32 0 39 106 2 161 80 129 236 41 184 15 47 49 51 26 140 10 88 8 175
    11 127 17 18 120 75 209 12 16 27 228 212 8 129 129 56 41 18 96 45
    157 80 66 235 160 44 8 31 153 64 176 160 48 209 72 8 43 144 48 211
    221 1 51 98 136 74 2 152 77 6 189 20 130 108 39 180 0 210 2 59 34 48
    65 96 230 61 225 104 153 1 173 176 227 238 144 36 48 177 8 0 201 2
    138 93 129 134 228 6 0 72 2 32 200 48 64 72 42 19 193 66 42 2 189 41
    4 138 105 21 26 184 138 72 41 152 224 129 108 81 3 32 161 46 8 151
    55 65 90 128 183 121 24 24 72 177 0 203 237 20 97 160 96 70 34 120
    57 120 96 50 205 83 87 105 128 108 40 31 31 0 16 166 191 221 72 64
    56 176 12 243 237 32 1 98 130 71 11 96 57 59 96 112 204 115 22 233
    137 120 72 182 159 4 48 132 51 95 72 129 56 176 96 231 188 48 18 64
    130 194 171 3 186 24 154 104 141 145 134 138 29 48 124 188 146 198 0
    135 51 206 1 3 105 194 113 140 16 62 186 88 8 139 169 38 36 226 192
    212 43 234 90 95 161 121 10 8 201 125 8 121 137 23 177 154 178 72
    210 30 12 131 228 247 203 114 128 2 205 2 156 20 131 174 231 4 1 90
    2 32 170 48 64 72 42 19 193 66 136 0 253 40 36 138 192 20 8 176 136
    40 121 248 100 60 13 83 28 99 168 180 8 151 25 81 48 152 132 85 88
    200 42 224 8 235 217 37 52 97 170 82 43 45 5 238 87 212 27 230 248
    208 226 126 2 115 104 191 163 120 230 54 111 237 242 109 173 46 47
    229 128 69 254 90 228 215 72 215 150 14 10 108 32 169 130 195 82 212
    226 49 91 98 229 124 227 105 197 145 232 148 178 203 0 44 113 33 0
    54 104 226 193 68 171 234 194 95 178 112 26 10 136 117 24 123 237 23
    147 136 246 136 194 30 12 131 172 229 249 114 128 70 74 210 148 102
    160 184 66 184 130 82 2 172 170 99 74 226 109 43 195 0 213 130 226
    20 54 90 139 132 113 41 137 2 141 2 156 20 131 174 231 20 0 90 2 32
    234 48 64 72 106 19 193 66 136 0 255 40 38 154 192 20 8 176 136 126
    185 224 0 159 89 83 200 67 229 172 143 11 12 86 180 88 200 193 240
    30 43 252 144 123 85 133 127 119 142 222 86 97 41 121 96 84 79 67 23
    96 96 108 8 19 17 16 48 88 140 2 8 9 186 240 12 119 173 0 32 97 138
    66 168 249 97 112 64 93 159 88 119 97 104 244 8 43 9 20 52 200 172
    70 104 220 186 240 204 119 217 0 50 99 136 194 44 16 141 10 172 20
    130 174 119 20 1 218 2 49 162 32 64 104 42 23 128 88 152 1 63 224
    167 186 128 20 8 176 136 222 243 237 165 154 2 127 184 34 228 150
    167 221 103 219 66 118 213 253 255 201 81 175 202 252 225 239 164 47
    183 53 113 5 48 155 161 226 42 169 81 60 129 83 114 213 243 233 104
    119 29 51 25 17 208 137 64 92 162 43 196 140 225 161 161 0 76 10 157
    20 131 170 103 20 1 90 2 49 170 48 64 120 42 19 129 34 186 0 191 96
    39 186 128 21 8 176 136 152 141 10 173 20 130 47 119 20 0 218 2 49
    35 32 64 104 46 23 128 120 152 1 31 224 229 170 128 52 8 176 8 160
    201 0 154 221 133 134 231 150 9 80 18 160 136 48 64 200 42 19 81 114
    42 90 191 41 20 158 104 16 8 176 138 64 56 57 100 32 12 80 18 41 8
    50 104 151 19 0 114 134 85 125 8 128 64 129 0 195 249 32 144 72 128
    3 35 54 36 224 225 212 43 234 218 91 161 121 10 10 136 93 24 59 204
    23 17 154 50 200 210 30 140 129 228 245 235 82 128 198 72 214 148
    102 40 60 2 169 130 82 2 172 170 113 91 230 229 127 195 0 213 130
    232 148 50 90 128 4 113 33 9 249 121 171 164 29 86 218 88 194 233
    130 15 147 156 82 98 200 196 125 213 140 111 243 162 219 109 169 189
    9 15 112 90 195 172 169 165 44 96 137 11 154 230 128 153 181 167 80
    66 71 85 123 157 33 79 231 90 205 6 191 188 4 160 21 120 70 8 210
    148 102 40 184 64 169 146 91 18 204 234 113 74 103 237 127 147 0 245
    128 192 148 48 74 132 132 123 33 129 197 64 215 149 102 42 173 0 168
    130 210 66 212 226 33 91 99 229 126 234 1 213 131 74 148 34 107 128
    140 115 35 33 54 38 192 193 212 43 234 200 91 161 57 74 10 137 125
    152 123 140 135 48 26 50 200 210 30 140 129 237 247 203 90 128 8 157
