<?xml version="1.0"?>
<opencv_storage>
<PatternName>enter17</PatternName>
<Descriptors type_id="opencv-matrix">
  <rows>500</rows>
  <cols>32</cols>
  <dt>u</dt>
  <data>
    2 140 2 158 20 131 170 226 22 0 90 2 96 234 48 64 89 106 19 129 34
    154 10 255 32 38 138 128 20 10 48 136 135 32 234 128 70 16 184 72
    169 246 17 151 72 140 254 11 62 141 243 183 132 83 164 192 22 8 219
    164 5 38 51 213 3 216 114 88 114 147 184 123 127 64 116 162 40 222
    180 52 190 185 151 128 198 191 38 221 54 62 3 202 87 132 231 245 225
    80 185 108 76 76 69 48 96 226 230 8 83 17 1 123 88 196 96 106 73 118
    241 8 87 169 96 24 96 184 66 32 68 72 223 182 102 72 169 64 168 130
    194 2 85 234 113 90 98 237 123 195 1 215 146 96 84 32 235 8 5 115 33
    32 24 135 14 175 20 131 78 121 148 12 219 66 107 107 56 65 120 162
    13 227 120 169 9 157 240 225 170 209 54 138 184 0 38 116 163 192 85
    247 226 192 87 162 232 10 8 217 117 8 249 232 19 154 2 183 26 202 31
    28 133 43 219 123 126 130 135 32 234 129 70 16 184 72 56 243 81 151
    8 140 126 43 126 141 179 181 132 214 164 192 20 8 219 164 133 36 51
    212 135 32 234 128 70 16 184 72 57 246 83 151 8 140 222 43 62 141
    179 181 132 87 164 192 22 8 219 172 5 36 115 213 41 33 96 73 117 31
    65 89 67 104 253 8 27 9 150 180 88 140 22 44 157 186 244 156 119 217
    161 32 119 142 218 236 110 185 224 10 221 217 83 200 67 245 172 141
    10 204 94 148 153 202 194 80 30 34 254 177 59 85 5 127 243 142 222
    214 66 158 174 189 34 200 185 55 188 79 82 181 172 174 34 67 166 55
    237 5 150 217 3 77 192 99 122 131 4 64 165 91 73 27 175 5 32 220 183
    22 172 204 78 228 188 182 131 226 166 117 252 92 133 217 179 96 108
    37 62 128 138 182 13 121 126 191 169 96 217 87 83 223 3 236 188 47
    11 157 199 180 156 152 213 116 143 43 244 150 123 77 37 255 251 142
    94 255 242 64 234 236 77 64 64 104 113 134 227 10 75 153 53 90 120
    204 99 226 72 119 130 194 147 234 192 27 97 42 118 2 95 94 246 4 163
    58 28 178 169 254 54 239 75 44 199 159 39 197 237 38 228 197 165 200
    58 115 101 151 231 245 142 85 9 140 104 127 118 146 255 182 118 65
    94 134 185 127 178 96 55 122 23 140 163 152 39 255 102 239 186 128
    55 132 81 249 210 73 6 188 13 130 68 102 181 2 194 3 235 202 33 195
    104 229 235 195 104 205 3 237 177 227 206 19 52 56 61 10 216 201 6
    190 5 194 68 37 180 4 194 18 107 99 32 67 224 166 233 225 104 205 17
    173 241 227 222 17 34 16 189 10 130 205 6 156 20 130 172 103 148 2
    82 18 32 42 48 65 72 34 51 129 96 156 2 255 32 34 218 128 20 28 176
    8 166 104 226 80 77 117 242 200 211 182 164 26 10 217 117 60 249 248
    195 210 8 119 146 194 27 28 133 63 195 121 126 134 69 10 155 165 226
    42 170 18 168 130 91 226 213 243 225 74 55 125 59 155 1 208 129 64 4
    166 107 128 140 243 33 161 2 168 16 153 236 141 184 143 30 57 80 16
    172 138 80 64 131 11 51 17 18 120 67 241 12 18 30 234 208 8 129 137
    252 64 102 236 12 10 78 56 225 162 167 10 75 11 17 91 106 196 125
    234 232 199 209 136 210 235 192 16 39 187 112 0 24 76 3 238 20 199
    75 112 132 0 203 2 115 195 49 64 120 168 24 234 105 165 25 63 241
    229 131 16 48 171 48 32 69 49 159 177 226 42 169 17 62 177 83 114
    213 243 200 106 119 29 59 153 17 208 137 64 92 162 111 196 140 226
    161 161 33 160 21 139 236 13 168 157 30 57 17 88 212 0 216 32 217 10
    114 25 19 124 75 81 12 144 63 244 220 8 145 161 107 187 232 19 227
    248 190 151 43 253 60 237 12 188 214 190 167 95 247 21 151 88 172
    224 62 93 61 239 207 212 143 223 70 137 130 140 214 128 174 233 174
    1 218 2 108 234 56 64 114 235 51 193 82 27 138 209 56 36 142 200 20
    34 177 128 120 32 120 96 12 77 81 64 96 36 172 8 19 17 0 50 8 212 64
    8 8 98 224 0 211 137 0 49 97 138 70 34 18 141 6 158 20 131 170 230
    134 0 218 2 96 234 48 64 88 106 31 193 42 137 8 255 176 38 138 144
    20 10 48 8 64 168 190 189 138 192 49 166 190 149 2 161 181 183 98 66
    163 115 233 145 34 89 130 113 205 163 127 227 164 96 37 107 200 123
    26 176 34 204 49 23 172 13 54 169 191 159 0 80 166 51 253 64 66 73
    130 97 225 241 58 138 0 128 135 123 36 160 153 186 205 237 145 201
    142 49 161 24 150 216 104 26 137 27 91 17 18 107 218 81 89 144 21
    127 208 72 199 162 35 216 114 92 114 146 250 113 61 64 116 163 40
    222 180 52 254 185 151 128 198 186 38 223 54 62 131 202 119 166 227
    149 51 216 114 92 114 146 184 123 61 5 124 166 40 207 164 52 126 185
    151 128 214 187 36 223 50 62 27 202 119 164 167 245 4 201 130 158
    220 132 174 237 150 1 74 2 104 234 56 64 120 107 42 193 82 187 154
    225 49 38 142 76 16 58 177 136 20 56 187 224 2 205 49 64 170 180 32
    8 150 151 65 26 162 53 73 80 0 105 146 0 217 193 33 115 224 33 7 42
    16 86 115 108 114 130 187 127 60 9 120 230 125 63 164 32 62 57 23
    160 129 186 4 95 48 238 42 128 117 146 35 185 92 77 150 172 22 2 90
    190 181 128 222 2 111 107 49 66 118 197 125 248 40 137 1 236 250 231
    174 144 166 177 33 9 2 141 2 158 20 163 170 226 22 0 90 2 96 234 48
    64 89 106 19 129 34 152 10 255 32 38 138 128 20 11 48 136 66 76 150
    148 38 42 188 2 172 130 82 2 236 170 49 75 230 101 127 195 32 213
    131 232 148 50 218 128 4 113 33 9 130 205 2 154 92 129 142 230 22 0
    80 2 32 200 48 64 72 42 19 193 98 174 2 191 40 4 142 232 21 24 176
    136 44 176 176 224 173 109 80 11 75 57 181 24 142 25 64 25 137 152
    221 16 26 106 210 145 203 217 17 127 210 8 86 3 248 73 70 236 29 6
    78 120 165 0 166 2 91 11 48 81 120 196 125 234 104 163 17 140 243
    233 192 16 39 187 112 8 65 17 149 229 160 46 105 23 120 203 82 96
    149 51 193 106 71 54 60 28 145 216 229 64 204 170 126 192 136 224
    129 161 97 165 57 76 220 77 69 191 82 99 44 24 50 53 72 48 25 26 0
    40 123 58 241 31 109 142 20 60 80 72 214 170 212 122 190 180 40 100
    29 24 162 254 134 45 84 247 99 91 133 117 253 67 232 71 186 32 211
    227 105 189 0 113 7 115 71 176 151 210 161 60 36 7 235 155 3 84 220
    242 76 254 165 23 120 24 147 201 147 192 141 178 94 78 138 64 169 5
    192 217 61 246 168 204 31 180 160 252 6 45 247 119 64 83 135 119 125
    66 115 72 251 53 233 163 125 248 0 176 135 123 86 184 191 188 154
    192 21 170 150 215 0 161 245 255 98 66 161 119 233 193 42 77 186 49
    217 227 79 47 144 32 37 82 210 76 14 191 4 130 109 36 189 2 210 2
    245 10 49 67 98 229 125 195 104 205 1 237 176 162 218 128 36 48 49 8
    38 165 64 139 220 163 202 201 23 33 121 10 64 200 124 0 89 138 23
    177 26 50 72 151 60 28 139 236 245 11 242 128 34 164 164 219 29 45
    192 207 207 179 168 24 162 56 92 10 201 10 91 17 2 106 91 147 15 158
    151 126 208 72 82 138 229 80 29 77 44 14 69 152 236 250 182 120 214
    17 169 127 70 84 124 106 225 101 225 8 132 170 99 148 24 185 65 33
    108 32 188 232 201 125 81 75 143 55 173 24 78 247 105 158 145 18 234
    48 18 67 187 144 211 209 65 127 146 73 132 34 32 137 2 138 244 129
    138 230 6 0 120 2 160 202 32 64 216 171 2 192 66 170 80 253 60 20
    142 104 21 10 176 136 164 237 0 154 220 129 142 236 22 16 112 26 96
    200 40 1 88 170 2 242 114 47 10 255 56 0 143 108 21 10 176 128 26
    141 10 173 148 130 172 103 4 1 218 2 33 170 48 64 104 42 19 129 80
    152 1 223 160 229 186 192 20 8 176 8 34 201 2 136 85 133 142 231 6 9
    88 2 160 136 48 64 200 42 19 193 66 42 0 189 49 20 142 232 17 24 176
    138 107 187 224 1 227 121 188 151 43 255 60 253 12 188 214 190 167
    95 247 21 151 120 164 224 62 95 28 231 207 212 143 223 50 157 50 204
    127 215 158 246 159 72 248 47 108 252 38 48 158 243 151 225 206 171
    48 255 59 92 9 187 87 14 52 95 24 141 10 173 20 130 175 119 4 0 90 2
    49 163 48 64 104 42 23 193 72 152 1 63 224 229 170 128 52 8 176 40
    226 105 186 94 109 221 148 228 203 150 36 8 46 220 117 63 136 121
    242 66 196 111 186 233 55 24 69 59 83 62 86 174 111 58 224 84 235
    120 184 18 251 254 54 237 8 188 199 190 167 213 253 21 133 85 164
    192 30 91 69 183 239 245 14 119 74 184 28 187 43 173 16 7 142 57 0
    49 190 159 64 64 135 19 255 1 18 12 83 209 205 211 58 115 16 8 5 11
