<?xml version="1.0"?>
<opencv_storage>
<PatternName>enter2</PatternName>
<Descriptors type_id="opencv-matrix">
  <rows>500</rows>
  <cols>32</cols>
  <dt>u</dt>
  <data>
    105 34 24 32 33 29 80 16 41 8 48 77 143 3 2 144 132 5 204 12 12 96
    128 0 194 249 32 17 74 132 74 3 119 34 132 165 172 25 76 136 43 178
    130 233 195 32 213 158 1 197 236 149 12 66 205 128 156 82 205 191
    132 124 26 4 24 134 64 233 21 234 67 51 53 37 255 178 171 35 130 212
    72 182 141 136 56 152 69 143 194 231 176 209 182 140 84 107 247 162
    172 181 44 6 200 184 150 190 146 207 195 104 219 11 221 197 125 181
    172 69 207 0 200 67 239 181 140 172 24 64 127 34 132 165 173 24 76
    136 43 178 130 201 195 32 213 142 1 196 236 21 12 65 205 128 152 114
    205 55 166 124 26 4 152 197 12 191 60 131 76 173 148 16 209 18 243
    106 56 65 216 2 63 225 122 173 75 191 224 227 250 80 52 24 176 8 88
    40 26 240 2 200 17 66 168 12 166 41 63 151 34 80 162 177 237 0 0 11
    162 32 211 225 50 27 96 0 39 107 36 164 128 139 220 161 130 201 22
    49 121 18 192 200 120 0 89 10 2 17 18 58 75 151 12 20 147 108 213 75
    208 128 2 141 2 142 148 129 142 231 6 0 88 2 32 168 32 64 72 106 19
    64 82 168 8 189 40 36 142 192 20 10 176 8 50 36 66 9 87 19 162 72 83
    32 232 139 0 200 246 148 120 136 130 165 12 178 196 154 54 5 129 43
    119 142 122 132 2 205 0 140 148 129 142 231 4 0 88 2 32 8 48 64 72
    34 19 193 82 8 0 189 40 32 142 192 20 24 176 8 83 50 2 129 34 24 56
    64 45 96 210 231 204 142 150 212 166 5 255 133 133 209 133 192 148
    112 138 130 12 4 43 21 64 48 25 224 32 13 113 16 44 12 48 72 151 19
    0 80 132 17 77 8 0 32 176 0 193 137 34 16 64 128 7 35 0 48 57 96 0
    77 81 16 96 0 36 8 22 23 0 48 0 20 80 8 1 96 176 0 193 169 0 0 64 0
    70 115 104 32 113 73 111 89 65 72 75 44 116 40 26 21 132 180 10 20
    70 8 1 50 226 144 23 184 0 58 115 136 70 231 41 48 49 73 109 77 97
    16 105 40 100 8 18 17 4 52 72 156 66 8 1 50 240 0 71 184 0 56 90 136
    86 162 34 178 58 26 109 153 144 200 203 28 180 45 34 216 118 144 201
    43 198 1 134 99 202 241 18 17 1 187 89 12 94 135 16 2 127 253 2 194
    57 88 180 20 70 162 117 231 160 64 118 125 175 128 2 209 163 77 212
    163 106 129 36 160 37 225 0 201 2 136 148 129 164 231 4 1 88 2 32 2
    32 64 72 42 2 192 82 168 0 253 32 32 138 64 21 8 176 136 0 133 2 140
    148 130 44 103 4 1 90 2 40 34 32 64 104 35 2 128 80 152 0 221 32 36
    138 64 20 8 176 8 45 132 237 85 140 95 207 184 82 246 134 24 211 125
    95 43 89 70 113 174 249 240 253 14 111 79 229 20 231 248 208 240 0
    205 2 140 20 129 134 231 4 1 88 2 32 136 32 64 72 42 2 192 66 168 0
    253 32 36 142 64 21 24 176 136 2 205 2 140 148 129 174 103 4 1 88 2
    32 130 32 64 104 42 2 192 82 136 0 253 32 36 138 192 20 8 176 8 86
    162 172 183 168 50 156 170 146 191 146 183 193 104 223 75 95 199 237
    183 188 67 207 48 200 99 239 253 165 125 189 70 79 182 132 149 141
    54 140 168 222 242 130 207 201 104 95 207 221 197 249 175 253 65 223
    136 168 90 207 180 143 124 25 20 103 160 165 133 140 54 140 168 78
    243 130 86 208 108 221 175 73 68 120 191 253 97 255 200 13 58 207 52
    140 125 208 116 119 166 140 149 140 55 140 168 198 250 146 207 195
    104 95 235 205 196 125 175 253 99 223 128 170 91 207 180 141 124 88
    84 118 174 172 181 142 98 157 138 134 247 130 147 193 108 91 11 73
    199 233 183 124 67 239 48 217 3 223 125 165 121 149 82 86 183 165
    170 154 38 30 189 135 193 138 199 77 111 121 66 247 215 221 247 254
    3 29 255 187 118 143 222 180 246 181 86 86 169 173 164 142 67 151
    173 130 245 138 139 193 236 91 2 89 213 249 245 28 67 255 16 249 7
    207 61 165 123 148 82 2 205 0 140 148 129 142 231 4 0 88 2 32 40 48
    64 72 34 19 193 82 168 0 189 40 36 142 192 20 24 176 8 87 197 229
    165 141 118 223 168 7 246 138 143 211 108 95 42 93 197 121 247 157
    65 255 136 201 94 207 52 173 127 144 86 101 44 173 85 140 110 237
    190 82 243 134 16 209 52 213 43 73 102 120 29 249 248 247 40 13 42
    213 52 204 120 208 124 253 132 236 117 141 95 79 184 82 242 134 24
    211 125 31 43 89 198 121 191 253 224 121 14 107 203 197 53 231 248
    218 98 56 32 67 73 87 91 225 72 87 164 96 14 66 128 164 132 120 136
    130 40 41 242 124 158 20 14 1 34 123 12 118 164 41 48 49 73 77 77 97
    16 105 32 100 8 18 17 4 52 72 156 66 8 1 50 240 0 71 184 0 56 90 136
    86 162 105 34 24 32 32 13 80 16 41 40 48 77 143 3 2 144 132 132 204
    12 12 96 192 0 194 249 32 49 74 128 74 3 64 48 25 96 32 76 81 16 40
    136 32 72 151 23 0 16 132 21 93 0 1 64 144 0 193 169 32 0 64 0 7 51
    104 32 121 96 4 77 81 16 96 0 36 8 19 17 0 48 136 148 64 8 8 96 240
    0 195 201 0 17 96 128 70 34 104 56 51 80 67 221 113 86 249 136 108 8
    62 151 4 52 164 58 214 8 1 184 176 226 87 221 16 10 66 0 70 187 128
    204 6 156 12 130 6 230 148 18 80 18 32 96 33 65 72 98 42 66 96 237 2
    191 32 34 222 0 20 56 48 8 48 36 120 104 87 67 83 72 83 164 228 10
    19 209 32 16 120 152 2 32 40 50 104 30 119 132 1 41 115 136 102 162
    44 160 56 122 141 109 81 141 67 53 165 25 142 217 72 24 201 146 200
    16 26 99 234 49 203 209 21 127 210 8 198 2 90 42 158 180 43 192 48
    38 172 140 130 161 173 175 98 82 166 119 237 129 4 201 130 101 216
    227 126 139 36 36 45 75 40 38 72 233 116 11 99 80 113 44 124 169 19
    1 130 16 90 140 6 8 8 178 192 10 118 141 33 33 101 138 94 162 44 32
    184 96 141 109 81 136 66 181 165 24 22 53 73 58 137 80 64 16 26 98
    250 16 203 201 5 125 208 121 198 34 70 220 173 180 169 228 157 175
    142 215 136 13 244 254 83 10 133 119 121 5 150 73 251 33 233 23 95
    62 144 112 149 90 0 201 0 140 148 129 4 165 4 1 80 2 32 8 48 64 72
    34 19 65 114 8 0 189 40 32 142 64 20 8 176 8 35 173 97 11 244 157
    238 167 79 113 56 204 160 108 156 164 9 10 18 93 215 56 125 191 44
    28 133 246 223 142 210 252 221 85 20 100 155 22 87 186 213 186 174
    76 95 115 139 247 21 212 220 106 233 195 57 142 251 203 69 22 42 244
    40 39 162 161 233 129 222 73 177 207 26 117 9 155 0 172 94 8 249 139
    3 149 22 122 255 16 93 0 159 117 213 8 214 210 79 241 172 183 204 4
    157 156 2 245 141 143 213 238 91 74 95 93 123 247 150 66 255 96 76
    35 239 252 148 255 181 82 125 112 140 179 141 60 92 152 2 255 129 29
    215 104 91 219 193 198 125 63 159 68 219 128 203 243 221 125 136 125
    152 82 73 38 24 101 116 14 107 16 112 8 106 76 151 3 128 208 22 140
    6 44 129 144 192 14 164 173 32 0 72 130 74 33 32 201 98 136 84 129
    142 228 70 0 112 2 32 200 52 0 72 42 2 65 194 170 0 189 48 12 142
    104 85 26 240 136 86 162 204 158 138 16 156 136 154 183 132 179 201
    232 223 202 243 199 233 183 62 67 207 177 154 99 207 255 165 117 189
    70 73 48 241 64 99 93 224 0 105 232 52 104 26 20 196 182 130 84 212
    8 129 96 176 192 7 216 1 50 74 4 66 53 72 48 177 64 1 72 1 0 96 224
    32 8 26 23 64 50 0 84 64 16 1 96 176 0 73 136 5 32 66 0 6 50 8 48 49
    64 33 88 1 0 105 72 48 40 26 23 132 180 2 16 196 8 1 96 176 192 3
    216 0 2 66 4 70 37 72 48 49 64 0 72 1 0 96 128 32 8 26 23 0 48 0 20
    64 0 1 96 176 0 1 136 1 0 64 0 6 34 64 48 57 64 0 76 83 16 96 224 44
    8 22 23 64 48 16 84 64 8 1 32 176 0 65 140 1 32 64 2 70 50 64 56 57
    80 0 204 81 22 96 64 36 8 18 23 64 48 0 52 64 8 1 104 176 0 65 168
    16 0 64 0 70 58 103 183 196 5 142 18 142 184 71 242 154 231 192 104
    221 142 93 68 120 239 213 208 207 200 44 30 207 148 143 255 80 21 39
    150 229 69 206 22 239 184 82 242 134 198 80 100 159 47 93 196 115
    175 225 208 255 202 45 14 205 148 239 253 80 244 108 32 185 96 141
    109 85 136 98 182 164 8 18 61 65 58 137 84 64 24 24 98 248 0 75 201
    5 117 194 120 70 98 2 141 2 140 148 128 44 103 36 1 90 2 40 162 32
    64 104 43 19 128 82 152 0 253 32 36 138 192 20 0 177 8 105 48 17 168
    13 13 64 0 105 96 160 77 150 25 0 144 200 132 72 4 13 34 208 128 131
    248 0 58 90 12 90 18 64 48 57 64 0 77 81 0 96 0 36 8 22 23 0 48 0 20
    64 8 1 96 176 0 65 136 0 0 64 0 70 34 149 149 149 247 186 38 7 184
    22 186 2 64 247 115 9 99 149 87 124 106 121 193 27 46 233 162 111 20
