<?xml version="1.0"?>
<opencv_storage>
<PatternName>enter13</PatternName>
<Descriptors type_id="opencv-matrix">
  <rows>500</rows>
  <cols>32</cols>
  <dt>u</dt>
  <data>
    24 141 3 190 21 131 175 246 22 1 88 2 121 232 48 64 120 106 23 193
    10 186 8 191 232 167 174 200 55 14 240 136 128 141 6 156 148 130 172
    103 148 1 90 18 40 42 32 65 104 34 2 128 114 184 0 223 32 34 154 64
    20 8 176 8 2 141 2 158 20 163 170 230 20 0 90 2 32 234 48 64 104 106
    19 193 2 168 0 255 40 38 154 192 20 10 48 136 32 201 2 136 84 129
    142 228 6 1 80 2 32 138 32 64 72 42 19 192 66 170 0 189 48 0 142 104
    21 24 176 136 132 161 18 131 238 137 172 105 174 49 51 26 204 202
    104 1 42 9 78 114 114 113 8 213 188 16 75 100 85 10 145 128 210 73
    70 180 4 130 110 32 173 130 210 2 111 10 49 67 98 229 125 227 104
    205 1 237 178 226 202 144 36 177 49 8 34 229 64 139 252 137 200 207
    15 1 120 10 164 72 88 0 217 138 23 17 82 58 74 151 44 20 158 236 212
    10 208 137 210 76 22 156 14 130 188 166 172 146 210 2 108 170 49 75
    102 229 63 195 96 197 2 233 144 34 218 128 4 113 33 9 34 165 64 139
    244 161 200 109 31 49 121 26 128 72 124 0 89 10 19 177 18 58 73 149
    44 28 138 236 213 10 208 128 210 72 22 156 14 130 108 36 173 130 210
    2 44 138 49 67 98 229 125 195 104 205 2 237 176 162 218 128 36 48 33
    8 34 165 64 139 212 129 138 109 6 33 121 10 160 72 124 0 89 138 19
    177 82 58 73 149 44 28 142 236 85 10 240 136 182 165 68 235 156 139
    138 232 30 48 177 18 195 72 92 1 89 130 95 115 122 107 75 189 172
    216 143 244 85 8 208 128 66 196 148 159 10 0 124 175 173 19 210 18
    236 106 24 75 103 199 127 161 112 203 67 197 180 50 222 136 20 112
    161 8 60 104 228 225 12 43 168 206 70 178 184 10 1 136 117 10 105 72
    23 145 138 247 65 152 156 207 255 180 245 121 80 136 70 12 150 157
    14 34 186 2 172 130 90 2 108 170 49 74 103 117 59 131 0 209 131 232
    20 38 218 130 132 113 33 9 54 44 224 201 220 35 202 202 87 161 184
    10 0 200 125 8 89 200 19 241 146 50 72 178 30 140 129 252 213 235 82
    128 70 33 146 136 206 38 186 75 168 137 219 2 140 234 113 74 126 255
    59 145 16 211 130 192 29 48 139 200 133 99 33 129 66 196 148 157 40
    0 92 167 173 19 210 16 236 42 16 75 199 99 127 129 112 200 67 225
    164 50 222 136 20 80 161 9 34 184 16 153 237 205 208 143 143 57 48
    24 174 152 68 24 141 27 223 17 18 106 90 241 13 24 28 126 208 8 211
    139 2 141 2 158 20 131 138 230 22 1 88 2 96 234 48 64 88 106 19 193
    2 170 8 191 40 38 138 136 20 10 176 136 22 44 230 241 148 171 170 66
    94 177 251 2 141 8 117 9 59 45 23 179 146 240 9 196 140 207 139 228
    229 105 81 128 226 72 210 158 102 32 236 66 185 130 240 2 40 234 117
    90 106 237 55 195 8 70 130 234 16 190 218 136 37 113 98 136 60 173
    100 225 148 139 202 248 71 160 185 10 75 9 28 0 122 136 87 242 154
    185 73 156 186 201 133 244 247 139 208 128 70 25 146 133 194 162 186
    66 168 129 91 162 108 238 113 74 102 127 59 211 16 145 130 224 20 36
    139 130 132 99 33 129 128 204 2 154 20 129 134 230 148 2 80 18 32
    200 48 65 73 106 19 67 98 174 2 191 32 2 154 8 20 25 48 136 130 205
    6 156 20 160 44 167 180 2 202 18 40 42 33 67 107 99 59 128 96 141 18
    239 32 34 222 0 20 80 177 8 3 159 102 151 34 178 184 39 188 67 95
    247 236 46 182 229 39 39 187 133 245 216 37 205 6 54 218 194 14 196
    169 93 41 60 123 73 52 191 227 82 205 233 124 108 155 56 183 164 140
    40 22 93 135 184 100 188 38 221 32 178 223 221 90 253 94 27 130 184
    145 228 26 82 175 205 206 141 45 167 99 84 228 187 173 209 30 11 146
    226 211 245 138 203 130 199 45 87 45 61 123 73 180 255 227 82 76 236
    126 100 155 24 183 160 136 42 86 92 181 184 100 60 111 221 32 208
    219 205 91 229 87 129 162 170 155 212 56 69 175 69 203 151 76 238 62
    64 228 165 251 149 20 131 190 196 153 52 138 79 136 6 189 86 36 98
    168 227 108 47 201 216 86 189 177 24 211 73 89 11 217 8 87 83 26 102
    75 16 205 137 227 125 209 11 86 128 86 169 159 165 130 6 189 151 174
    241 2 131 213 39 65 74 39 85 121 213 16 217 155 96 221 35 239 196
    164 241 165 112 184 246 108 35 66 139 191 252 17 54 116 191 77 13 26
    17 63 153 195 103 226 246 12 63 118 67 49 165 119 156 30 219 10 141
    34 158 21 131 174 230 87 0 88 2 104 232 48 68 120 106 19 193 194 186
    8 255 40 54 142 128 23 14 176 136 2 141 2 156 20 131 174 230 22 9 90
    2 40 234 48 64 121 106 23 193 98 154 0 255 32 38 186 136 21 8 176
    136 211 232 67 2 87 213 170 236 59 225 128 207 40 140 92 164 184 205
    217 215 199 15 156 247 184 92 143 126 109 7 43 220 11 50 237 73 106
    159 185 88 206 244 84 230 189 220 214 36 30 57 83 61 135 244 118 93
    78 9 57 172 95 132 11 249 163 32 97 72 109 29 201 88 207 104 181 14
    2 204 246 180 216 160 94 109 143 39 230 159 19 88 129 184 87 142 90
    244 36 168 196 219 252 129 138 236 22 17 112 2 224 232 125 9 217 74
    2 83 114 106 74 191 44 30 159 108 213 72 208 136 214 5 150 156 158 2
    14 171 188 130 218 2 108 106 57 67 114 231 63 163 104 193 3 207 176
    162 206 144 36 112 33 0 90 26 36 179 50 216 56 22 173 77 211 181 173
    14 18 72 230 55 253 149 142 152 101 229 196 247 186 195 132 133 37
    95 220 4 158 180 137 38 92 43 164 147 131 18 223 58 48 203 229 149
    121 161 57 205 147 192 209 227 222 84 136 96 169 2 2 12 2 158 21 167
    42 98 22 0 75 2 32 226 32 64 89 42 19 128 18 152 18 255 9 38 138 64
    148 11 48 128 53 41 233 101 220 71 199 207 66 224 168 10 19 184 85
    32 216 204 17 249 204 50 246 0 127 205 133 60 245 122 82 206 24 13 6
    173 20 162 106 230 165 128 218 2 43 42 49 65 104 230 31 225 40 137
    17 172 176 229 138 16 52 9 49 8 34 228 80 139 252 137 204 237 15 51
    121 26 172 136 92 0 219 138 23 17 82 62 75 147 44 28 159 252 85 10
    209 137 210 64 70 191 12 2 76 37 181 18 210 18 111 10 1 91 98 197
    125 226 104 205 129 207 178 226 222 144 36 176 240 8 71 177 224 64
    211 92 184 205 43 229 45 159 12 142 94 52 183 159 209 181 151 26 188
    192 63 92 141 231 239 134 135 214 70 8 150 149 2 34 186 2 172 130 90
    2 108 234 33 74 102 103 59 195 0 209 131 232 20 38 218 130 132 113
    33 9 54 44 224 193 220 35 202 202 87 177 184 10 0 201 125 8 89 200
    19 243 146 50 88 178 30 140 141 124 215 235 114 128 26 13 6 173 20
    162 106 230 164 128 218 2 43 42 49 65 104 230 29 225 40 137 17 172
    176 227 234 80 36 41 49 8 34 228 0 139 124 141 128 207 14 25 88 10
    160 200 120 0 217 138 19 17 66 58 74 179 44 20 158 252 85 26 144 136
    166 254 96 24 94 147 218 232 83 116 240 175 32 204 246 1 93 137 135
    231 238 103 110 191 62 8 137 255 85 157 126 215 118 8 194 160 132 34
    74 16 43 163 179 10 15 43 85 90 115 205 61 211 8 147 201 192 146 252
    139 180 166 243 98 0 6 32 208 129 102 43 184 66 174 179 57 26 140
    138 89 10 167 77 127 51 16 117 136 192 28 22 75 166 148 107 1 129
    242 65 86 174 14 0 204 101 169 0 240 2 111 10 53 83 106 225 93 227
    104 111 194 237 176 248 206 152 37 48 99 8 22 165 82 161 150 171 234
    233 15 33 187 10 143 8 124 0 59 131 95 51 26 177 9 220 184 220 11
    244 245 11 209 128 70 41 154 142 246 164 186 66 170 137 91 2 140 234
    113 90 230 255 51 145 16 147 130 224 28 52 138 138 133 99 33 129 166
    161 68 137 188 139 204 233 15 49 177 26 194 72 28 1 91 130 95 115
    122 105 73 149 172 152 207 244 85 8 208 128 210 193 84 191 46 0 76
    45 173 18 147 18 239 106 24 91 98 133 125 163 104 69 203 215 148 242
    218 156 52 34 161 8 242 193 98 253 68 0 108 119 121 2 242 26 42 11
    20 89 106 175 55 128 232 190 129 195 54 170 214 136 39 152 242 136 0
    133 10 138 148 128 174 237 4 1 91 2 113 106 56 64 120 34 2 227 82
    136 8 253 40 165 170 192 20 10 176 8 43 177 160 74 253 253 216 95 75
    109 189 13 10 28 94 52 157 154 213 21 158 42 120 149 107 93 141 255
    211 14 214 215 83 157 105 175 50 10 109 55 36 68 94 231 181 39 146
    96 54 167 61 173 217 152 37 109 228 173 170 128 44 134 161 121 7 122
    226 64 98 122 186 210 59 230 126 175 8 140 215 60 63 253 151 151 133
    246 164 226 30 28 31 167 239 245 47 213 36 165 64 139 212 131 142
