<?xml version="1.0"?>
<opencv_storage>
<PatternName>enter11</PatternName>
<Descriptors type_id="opencv-matrix">
  <rows>500</rows>
  <cols>32</cols>
  <dt>u</dt>
  <data>
    104 32 56 96 5 77 83 16 97 0 172 8 159 27 0 48 144 212 76 8 8 32 208
    2 227 253 0 16 98 138 66 34 230 34 132 135 172 10 140 136 11 178 130
    249 195 40 213 142 65 197 236 149 60 70 207 130 140 18 207 191 132
    126 18 4 6 164 136 139 220 163 139 200 22 49 89 18 80 234 120 72 89
    10 19 177 18 50 91 151 76 6 139 108 156 75 176 128 34 177 32 8 221
    213 144 207 3 109 188 45 42 156 94 20 157 155 215 17 158 42 242 149
    43 84 20 255 211 12 214 223 0 140 15 190 28 195 7 232 22 3 66 2 112
    241 40 96 89 106 50 43 35 176 27 63 105 38 143 4 16 40 52 162 80 34
    30 176 42 194 49 72 172 4 198 163 223 215 34 80 166 53 237 128 0 193
    131 64 209 225 43 131 32 0 37 99 0 48 57 96 32 77 81 16 96 8 36 8 23
    23 0 48 128 20 92 8 1 96 176 0 195 169 33 0 64 0 70 34 41 36 113 65
    85 79 99 80 113 96 100 8 19 17 20 52 88 204 18 40 169 178 240 14 101
    156 0 32 75 136 82 160 103 109 104 66 205 85 198 232 193 208 173 10
    80 248 127 35 216 200 83 235 196 35 190 176 51 8 197 61 85 123 242
    198 2 4 143 177 130 38 189 55 60 51 74 211 149 39 40 75 55 87 51 165
    48 220 17 66 77 166 254 132 164 80 161 112 131 15 131 140 148 162 42
    67 20 128 90 199 40 226 33 196 120 107 2 212 55 152 4 238 32 36 138
    128 156 77 57 156 32 201 9 138 212 133 134 229 6 1 72 66 176 144 32
    64 200 42 19 208 83 42 88 61 45 4 142 104 88 10 176 170 34 172 42
    152 93 199 139 194 150 4 72 11 48 220 54 0 217 42 19 5 34 186 18 191
    121 6 155 41 85 8 116 202 34 172 42 152 93 197 138 198 150 69 72 131
    32 204 54 0 217 42 147 5 6 170 18 191 121 7 158 105 81 12 180 202 80
    56 27 178 2 204 17 64 172 136 32 8 182 215 32 80 160 49 89 0 1 65
    146 96 209 161 42 10 0 0 39 51 41 36 121 97 116 15 107 16 113 0 108
    8 19 19 16 48 90 204 6 40 169 178 240 14 103 141 32 0 99 138 66 160
    38 160 129 155 221 163 138 200 22 49 81 26 192 200 121 136 89 74 51
    177 50 114 91 178 13 22 159 108 149 75 176 130 3 32 71 73 68 27 160
    64 92 96 82 70 200 136 148 164 122 12 122 13 133 240 101 192 6 26
    139 128 79 140 89 132 40 36 120 97 84 15 107 16 113 32 108 8 19 3 16
    48 90 140 2 40 169 178 240 14 103 141 32 32 97 138 66 160 24 12 15
    191 20 66 111 34 52 2 194 2 215 35 32 65 114 229 61 170 104 216 1 46
    229 167 250 0 36 248 49 40 247 34 132 135 173 26 140 136 27 178 131
    251 195 40 213 142 1 196 232 151 44 65 205 130 152 114 207 183 132
    126 26 4 38 168 1 154 221 197 131 200 150 17 232 10 176 216 120 0
    217 170 19 145 19 35 90 179 61 20 143 126 209 10 240 130 39 105 232
    66 205 85 198 200 195 208 168 10 80 216 127 43 216 200 19 227 198 99
    190 176 51 8 205 61 85 123 242 198 3 27 2 175 18 130 42 112 52 64 90
    231 117 227 176 64 118 111 19 205 129 152 5 108 36 36 170 128 44 162
    33 145 163 248 19 138 93 133 194 224 143 8 129 72 166 216 33 128 216
    168 26 66 75 35 90 189 177 144 139 58 24 11 48 138 82 2 14 169 10 2
    104 0 52 36 194 135 197 3 18 64 118 141 253 133 12 209 69 0 192 227
    171 145 36 132 57 64 32 161 1 139 212 133 140 239 6 1 104 74 176 136
    56 0 216 10 2 145 82 42 80 149 45 20 142 104 17 10 240 136 104 48 56
    96 32 12 81 16 97 8 52 8 159 23 0 48 132 20 93 8 128 96 176 0 195
    249 32 0 66 128 66 35 91 34 4 169 9 15 72 88 39 36 194 133 207 3 18
    64 204 141 253 133 12 193 209 144 208 241 139 16 58 4 56 18 97 56 8
    56 45 157 80 88 207 248 176 77 134 216 86 16 201 165 78 5 142 99 218
    17 147 217 1 58 88 12 90 6 72 48 25 240 1 109 17 19 44 9 32 24 190
    23 64 16 128 21 93 0 1 108 144 0 193 169 50 0 64 0 7 58 104 48 56 96
    32 77 81 16 105 136 52 8 159 23 0 48 132 21 221 8 136 96 176 0 195
    249 32 16 64 128 66 35 104 32 121 96 4 77 81 16 96 8 164 8 19 17 0
    48 136 148 68 8 8 96 240 0 195 201 32 17 96 128 70 34 80 34 30 161
    34 10 57 80 44 36 214 163 205 135 2 80 38 149 237 129 0 209 129 64
    208 225 43 129 36 128 37 67 72 56 56 112 32 205 81 22 233 136 52 8
    159 151 0 48 132 55 221 8 136 104 176 32 195 249 48 16 64 128 66 43
    104 49 56 96 48 77 83 16 105 128 108 8 159 23 0 48 148 28 93 72 8 48
    176 0 227 253 32 16 64 130 66 34 82 34 74 136 74 64 56 72 166 4 208
    163 13 198 34 80 110 157 239 129 8 67 138 208 144 225 171 139 21 4
    39 195 96 56 57 112 32 204 81 22 233 8 52 8 151 151 0 48 132 54 93 8
    136 104 176 32 195 249 48 16 64 128 66 43 104 32 121 96 36 77 81 16
    96 12 52 40 23 17 128 48 128 148 68 8 8 96 224 0 195 201 32 17 96
    128 70 35 51 32 78 137 77 27 160 72 78 32 194 2 193 136 54 160 104
    140 122 133 132 243 199 208 20 105 139 49 93 12 121 132 70 4 135 151
    140 38 172 141 180 155 211 82 64 234 57 203 121 103 59 179 49 209 11
    192 60 34 223 196 140 121 177 0 35 48 16 73 77 29 224 72 207 96 240
    76 138 216 22 180 200 12 82 12 133 115 214 208 23 24 1 58 91 12 90
    148 33 48 119 65 103 91 224 64 95 96 114 106 72 152 148 164 122 12
    210 8 133 242 245 208 22 24 3 34 95 12 91 164 124 60 208 190 180 170
    86 188 27 128 248 40 239 123 9 81 215 255 149 114 42 74 200 173 186
    255 36 186 182 251 82 11 2 34 6 137 74 3 168 72 46 36 210 231 192
    134 32 64 110 157 111 132 0 211 195 208 148 32 139 128 21 4 37 144
    35 32 5 137 76 11 160 72 94 96 82 70 208 8 148 96 120 12 122 5 133
    240 85 208 4 56 139 32 93 8 89 132 104 96 120 96 4 77 81 16 96 0 36
    8 23 17 0 48 136 132 64 72 8 96 240 0 195 201 0 16 96 130 70 34 80
    48 81 64 34 72 1 16 32 8 50 104 23 23 128 112 34 20 108 0 1 64 160 0
    145 160 32 128 32 128 6 35 104 32 17 64 77 89 81 0 105 32 36 8 10 21
    4 180 128 20 194 8 1 96 224 192 7 216 1 50 66 12 70 36 74 186 26 248
    35 204 49 151 189 13 94 33 191 151 32 80 134 59 189 0 2 24 146 227
    195 245 58 139 2 4 135 123 39 181 123 74 246 181 250 217 123 73 125
    98 24 216 252 180 255 155 6 152 151 50 190 247 63 29 35 238 213 131
    235 165 96 32 49 64 32 73 65 16 96 44 48 40 18 21 128 48 0 20 68 8 1
    96 224 0 65 168 33 48 64 0 70 35 72 48 17 64 1 72 1 0 97 32 38 8 30
    23 0 180 0 20 232 0 1 64 176 0 131 249 1 34 66 0 6 32 252 4 207 228
    69 102 107 88 49 130 231 18 83 67 57 123 120 236 17 234 41 215 184
    10 211 235 193 4 35 251 114 32 80 56 26 242 3 204 17 64 173 8 160 8
    190 223 32 80 166 51 93 0 2 75 146 97 209 241 2 11 0 0 39 19 90 34
    87 168 74 64 57 88 165 4 210 163 77 199 160 84 102 149 239 128 0 195
    131 192 208 32 170 137 39 132 37 113 0 145 27 170 20 197 129 117 6 9
    64 64 180 145 32 64 216 42 19 1 83 170 82 29 233 164 186 72 16 10
    176 170 16 137 11 172 20 199 129 101 4 9 64 2 177 147 32 64 200 42
    19 136 83 168 16 29 225 164 170 64 16 8 176 170 80 56 26 242 3 204
    17 64 173 0 160 8 62 223 32 80 166 179 93 0 2 75 146 97 211 241 10
    11 0 0 39 19 33 32 113 65 100 27 232 80 125 96 112 74 136 8 148 164
    122 140 22 8 133 242 229 192 6 24 130 32 79 140 82 164 121 97 98 76
    93 95 71 104 65 32 236 10 19 217 54 180 88 168 82 106 72 35 252 157
    115 221 129 57 115 190 118 230 16 157 11 174 20 199 35 254 22 8 74
    66 115 243 40 64 217 106 2 168 11 152 25 63 225 166 162 0 16 10 48
    42 16 141 11 173 20 199 165 103 4 1 74 2 49 179 32 64 104 42 19 136
    120 152 17 31 225 165 154 64 48 8 180 42 0 140 11 158 20 197 131 230
    150 9 72 2 176 250 48 64 217 42 19 129 34 170 18 63 105 38 154 72 16
    8 176 138 0 140 11 154 93 197 131 230 150 17 72 16 176 216 48 64 201
    42 19 129 34 42 18 55 105 22 158 104 16 8 176 138 32 233 9 170 124
    133 135 245 6 9 88 64 176 144 48 64 200 42 19 217 83 42 74 61 41 132
    174 104 24 10 176 168 152 76 10 188 21 198 65 101 20 4 198 18 51 19
    32 65 104 160 25 232 104 157 17 191 227 227 146 17 50 8 52 10 43 172
    97 73 85 27 234 218 87 97 124 206 160 72 158 164 89 138 18 173 167
    186 117 159 46 30 129 36 127 140 88 212 72 48 81 161 34 8 57 16 45 8
    50 232 159 23 128 212 38 21 221 8 1 64 129 192 196 240 42 130 6 128
