<?xml version="1.0"?>
<opencv_storage>
<PatternName>enter9</PatternName>
<Descriptors type_id="opencv-matrix">
  <rows>500</rows>
  <cols>32</cols>
  <dt>u</dt>
  <data>
    246 98 224 146 203 97 152 200 139 183 177 187 72 206 79 11 203 209
    235 211 10 103 202 240 24 16 207 255 213 125 38 194 82 34 90 184 10
    192 56 72 174 4 208 163 13 206 98 80 238 181 239 161 12 67 138 208
    208 225 171 187 53 4 47 67 33 0 245 85 116 139 235 16 116 96 118 66
    209 1 148 44 90 76 54 56 161 240 101 78 4 190 32 0 111 136 64 165 2
    141 11 190 20 135 171 226 22 1 74 2 113 234 49 64 120 42 19 209 2
    186 26 127 97 38 138 0 149 10 48 136 2 140 43 158 20 135 171 226 150
    1 74 2 113 234 48 64 121 42 19 145 2 186 28 127 97 38 138 0 149 10
    112 136 80 177 187 96 176 205 115 21 105 9 61 72 151 183 0 48 180 20
    125 72 155 41 176 1 227 253 32 80 192 146 194 35 104 32 58 96 96 77
    113 80 97 128 100 8 31 19 0 48 128 148 85 8 8 96 176 0 195 233 32 16
    96 128 70 162 0 140 43 191 28 199 167 224 150 3 65 2 112 247 49 96
    89 122 51 137 35 154 26 63 109 38 139 72 17 11 52 186 104 48 56 96
    96 205 81 80 105 136 36 8 159 31 0 48 132 148 221 8 136 98 176 0 195
    217 32 48 98 128 66 163 0 140 11 190 20 231 171 230 22 1 72 2 113
    234 49 64 121 42 19 129 2 186 24 63 97 38 138 8 149 11 48 138 72 48
    58 96 32 77 113 16 105 136 116 8 159 23 0 48 164 20 93 8 136 224 176
    0 195 249 32 16 66 128 67 35 82 34 74 168 10 64 25 72 166 4 194 163
    69 199 98 80 106 149 239 129 8 195 131 80 209 161 171 157 37 0 37 66
    0 141 43 190 20 199 175 234 22 66 75 2 113 255 49 64 121 123 19 139
    99 154 58 127 97 38 138 0 21 42 48 184 2 141 2 158 148 131 174 230 4
    1 88 2 40 234 48 64 104 107 19 193 66 136 0 255 40 36 142 200 21 14
    176 136 35 34 68 1 68 159 168 64 94 96 210 198 200 8 150 164 126 12
    122 141 135 240 69 209 4 58 139 128 95 12 121 132 2 201 42 158 20
    135 170 230 22 1 72 2 48 202 48 96 120 107 19 193 66 152 48 255 105
    38 138 0 21 10 49 200 0 141 11 188 20 135 171 231 22 1 74 2 49 234
    49 64 120 42 19 129 66 136 16 63 105 166 138 8 52 74 48 136 0 12 11
    190 20 199 171 102 22 1 72 2 49 234 48 64 121 42 19 145 34 186 24 63
    97 38 138 64 149 10 48 138 210 124 18 188 3 192 48 71 173 5 160 57
    46 158 96 80 162 59 251 1 70 207 146 235 179 240 30 11 0 20 175 27 7
    12 11 158 20 135 171 98 150 64 73 2 113 234 48 96 120 42 19 147 34
    186 28 127 97 46 138 8 157 10 112 136 120 36 122 96 52 77 83 80 113
    0 236 8 159 155 0 48 145 220 68 40 9 52 240 10 227 221 0 24 98 154
    66 34 2 140 10 156 20 135 171 226 22 0 74 2 48 234 49 64 121 43 19
    145 2 186 18 255 97 38 138 0 149 9 49 136 2 205 18 156 86 131 174
    231 20 1 90 2 44 170 48 64 106 43 19 129 98 184 0 255 32 38 154 192
    21 8 177 136 2 141 2 156 20 131 174 231 20 1 88 2 40 234 48 64 104
    43 19 193 66 152 0 255 40 38 138 192 21 28 176 136 2 141 11 156 20
    199 171 226 22 0 74 3 49 238 49 64 121 107 19 133 34 186 18 127 97
    38 138 0 145 9 48 202 0 205 10 158 84 135 175 230 20 0 74 2 49 234
    48 64 248 235 19 193 2 154 16 127 121 38 138 64 17 10 176 138 72 48
    56 96 32 77 113 16 105 136 52 8 159 23 0 48 132 20 93 8 136 96 176 0
    195 249 32 16 66 128 66 35 80 48 59 96 96 205 81 112 41 136 48 72
    151 23 0 48 164 149 93 0 9 99 176 4 211 249 96 16 64 128 66 35 35 37
    66 77 85 147 234 104 85 64 120 202 72 200 182 164 120 168 18 237 141
    178 12 222 54 44 129 40 127 142 122 132 72 48 56 96 97 77 81 16 105
    136 36 8 159 23 0 48 132 148 221 8 136 98 176 0 195 249 33 16 66 128
    66 35 2 140 11 158 20 135 171 226 22 1 74 130 113 238 49 64 121 43
    19 145 2 186 26 127 97 38 138 0 149 10 48 200 82 48 18 184 11 192 48
    72 175 148 160 163 44 222 108 80 178 177 235 160 2 67 138 209 145
    240 11 59 16 36 47 3 214 77 134 156 141 6 174 230 180 130 194 2 105
    170 49 75 104 231 123 227 104 205 19 232 177 226 222 0 4 121 48 8 80
    56 59 114 96 204 83 86 168 104 32 8 182 151 64 16 164 63 93 2 1 89
    176 96 209 177 48 34 64 0 7 123 33 32 225 69 116 27 233 80 125 96
    114 70 209 0 148 172 122 76 22 140 161 240 101 206 4 30 226 128 79
    136 82 164 2 140 42 158 84 199 170 226 86 0 72 2 48 232 53 64 121 42
    19 131 2 186 26 255 49 46 138 8 149 11 112 138 165 164 121 65 212
    143 107 176 113 99 102 24 83 5 148 52 89 140 18 44 169 180 117 14
    103 142 16 4 99 136 86 240 221 66 206 188 12 18 78 56 244 130 211
    215 195 104 179 203 120 229 108 239 236 199 199 168 208 227 235 145
    45 253 120 4 80 56 59 242 1 204 115 82 169 9 101 8 190 159 96 48 164
    59 93 2 3 201 178 97 209 241 16 10 64 0 7 59 2 140 10 159 20 199 170
    226 22 0 72 3 48 238 48 64 121 59 19 135 2 186 26 255 37 38 138 8
    149 10 49 154 64 48 59 96 96 77 113 80 41 136 32 72 151 31 0 48 164
    149 93 8 1 98 144 0 211 249 32 16 64 0 71 51 161 36 249 65 84 79 99
    16 113 99 102 24 19 21 20 52 88 140 18 40 171 176 112 14 103 142 16
    32 107 136 82 240 2 141 34 140 148 131 174 231 4 0 88 2 32 232 48 64
    120 42 19 193 210 184 0 255 32 38 138 192 21 10 176 136 96 48 59 96
    96 205 81 80 104 200 96 72 151 31 0 48 164 149 93 8 1 98 176 1 211
    249 32 16 64 128 70 51 88 48 58 96 32 93 113 16 105 132 38 8 159 31
    0 48 164 20 93 8 8 101 176 2 195 249 32 16 64 128 70 34 96 48 59 96
    96 77 81 80 105 200 52 72 151 23 0 48 132 149 93 8 136 98 176 0 195
    251 96 16 96 128 70 243 2 140 42 158 84 199 170 226 22 64 72 2 48
    234 49 64 121 43 19 131 2 186 26 255 33 38 138 8 149 11 48 138 2 141
    34 142 148 131 174 231 6 0 88 131 40 236 48 64 108 43 19 197 210 170
    4 255 40 36 142 200 21 30 176 216 80 56 27 250 3 204 49 64 172 68
    162 9 190 215 40 80 162 59 89 0 2 65 146 97 209 161 10 59 0 0 39 114
    104 32 58 97 97 77 113 80 105 128 36 8 159 31 0 48 160 20 93 8 8 240
    176 0 199 249 0 17 64 128 70 162 72 48 58 96 97 221 113 80 105 136
    116 8 159 31 0 48 164 149 221 8 136 224 176 0 195 249 32 16 66 128
    66 163 72 48 62 96 96 79 113 16 105 136 52 8 159 23 0 48 132 149 221
    8 136 242 176 0 195 251 32 16 96 128 70 51 2 204 10 158 84 199 170
    226 22 0 72 2 48 234 48 64 121 43 19 129 66 186 26 255 33 38 138 8
    21 10 49 138 108 32 113 96 101 93 65 26 97 172 180 8 27 87 192 180 8
    148 68 10 9 96 241 128 195 249 33 49 66 128 70 99 73 48 58 96 96 205
    113 80 105 200 116 8 159 23 2 48 164 148 93 8 136 96 176 0 195 249
    32 16 66 128 66 163 64 184 59 177 32 236 49 55 172 77 50 57 182 151
    0 80 134 51 125 1 18 72 146 65 197 177 58 235 64 0 135 123 2 141 98
    204 20 130 174 103 4 1 90 2 40 170 52 64 104 43 19 129 210 152 0 255
    32 44 138 192 21 12 241 136 113 48 59 96 96 76 89 80 41 72 244 8 151
    31 0 48 134 157 93 8 137 226 240 0 211 249 32 144 64 128 66 35 73 48
    58 96 96 93 113 120 105 200 52 8 159 23 2 48 132 20 93 8 136 96 176
    5 195 251 96 16 66 128 66 243 3 141 43 155 116 133 171 238 30 73 88
    66 240 234 184 96 217 43 19 129 131 186 106 255 45 22 186 200 20 10
    240 232 104 48 58 96 37 205 81 80 105 200 116 8 159 31 0 48 132 157
    221 8 138 224 240 0 195 217 32 16 66 128 66 115 120 48 59 96 0 77
    113 16 96 236 36 8 151 23 64 112 160 180 125 8 9 96 176 16 211 201
    33 48 96 128 70 115 94 56 58 250 1 204 23 66 173 78 229 9 174 223 96
    48 160 51 217 2 6 75 186 225 211 241 90 59 2 2 39 90 33 52 123 97
    116 79 107 48 112 74 126 88 147 21 144 48 30 204 22 56 171 182 116
    14 103 143 32 128 97 138 70 241 104 48 57 96 33 12 81 56 105 140 244
    72 159 31 0 48 134 149 221 8 136 98 240 1 195 251 96 144 66 128 70
    35 82 34 82 152 43 192 56 72 175 4 144 163 12 222 96 80 246 177 239
    160 2 67 138 213 144 224 139 191 53 4 39 67 73 48 59 96 96 205 113
    80 105 72 116 8 159 31 0 48 164 148 93 8 137 96 176 5 195 249 32 16
    66 128 67 163 41 32 113 65 100 25 234 16 121 104 116 72 155 1 148
    180 90 204 86 8 129 178 228 194 6 94 48 160 79 138 66 165 113 48 57
    96 32 12 89 80 105 8 180 8 151 23 0 112 134 149 93 8 136 98 240 0
    211 249 32 144 64 128 66 51 33 32 101 77 68 159 232 80 125 96 114 66
